s,curvature,torsion
0,0.420490152373453,0.102182705078094
0.073729185681827,0.363319413335455,0.00852088814949153
0.148523936855983,0.302018347538217,-0.0990214251569411
0.224253337543203,0.239810752873957,-0.254000849615505
0.300739036477813,0.179464718733372,-0.53210916888461
0.377771242185218,0.123931856165884,-1.14678908106683
0.455125278746947,0.0781481207639561,-2.7194860733831
0.532578183842479,0.0541688482688307,-4.90349540144132
0.609924963330589,0.0618552024983575,-2.87271366425441
0.686994231320698,0.0803278139248981,-0.973795555428955
0.763663081647297,0.092241047532231,-0.00114876027687405
0.839870944319713,0.0923313459844754,0.793383683260388
0.91562660696354,0.0838589841495361,1.78641787506122
0.990999237232675,0.0757920812421644,2.96468091415574
1.06610353385942,0.0805471333362755,3.05425966119212
1.14108514541536,0.101833726062657,1.99302095255585
1.2161063696029,0.131297878672277,1.13173333198637
1.29133169377109,0.159964093966953,0.643447045500493
1.36691266947921,0.181513600439108,0.358944592863414
1.44297169839777,0.19141341226868,0.163327450820013
1.51958452224881,0.18627778231598,-0.019520607974307
1.59676180519887,0.164826057581362,-0.240201771266632
1.67443773202616,0.13133904806142,-0.605557651444681
1.7524787781343,0.0919790096293649,-1.51706389221996
1.83070184617646,0.0575107325132486,-4.21947546254487
1.90889423196585,0.0547389364966724,-4.64176662337808
1.9868345823169,0.08573939869554,-1.71507320684898
2.06431422039091,0.121776413609621,-0.659034978577341
2.14115822787253,0.150513405349975,-0.217063645764096
2.21724576445795,0.165161176498984,0.0965197209787675
2.29252929913127,0.159828980766504,0.534434576105843
2.36705239153445,0.131863787471008,1.49617142591543
2.44095685963553,0.0926958202216607,4.22311841387598
2.5144650939315,0.0814902146833477,6.50634372095869
2.58785429428527,0.129240267106652,2.74139763485158
2.66143207371173,0.197655739457892,1.11783213799451
2.73551249825862,0.261870108634419,0.543076907225154
2.81039085261875,0.310446354471057,0.285553425347051
2.88631560951092,0.336446485963517,0.139669564421959
2.96345676390411,0.335646801135317,0.0291475155093545
3.04187062346501,0.305761043012237,-0.100001695935768
3.12146270052706,0.248121864342545,-0.319562800442425
3.20196727315466,0.174175958864115,-0.875167253196584
3.28297365489566,0.105333096252228,-2.82229959905781
3.36397454155052,0.103867583957597,-3.224074737947
3.4444189779865,0.180462293051037,-1.14364647011655
3.52376787278047,0.275018898999946,-0.507424494360349
3.60155065285727,0.365728491600407,-0.277052496747384
3.67742157344289,0.439005544520972,-0.161036849988998
3.7512139345244,0.478660207317997,-0.0732143748139598
3.82299009755512,0.464863961940246,0.0460498161653451
3.89308396163146,0.385424308223437,0.296509496770011
3.96210518977142,0.273480782265207,0.968627396439224
4.03086228862717,0.235612646909356,1.55991705687768
4.10026085438475,0.33686514971458,0.725675809937138
4.17120958357726,0.465134396205651,0.289655727887329
4.24453251716491,0.551086822254246,0.115638355074316
4.32088220987023,0.573852271962284,0.0211198562811532
4.40064938821577,0.532157590393108,-0.0638011342102973
4.48386795719859,0.432794562359717,-0.21383589234654
4.57011784300828,0.288417866556383,-0.747517310510428
4.6584333921538,0.180984462079478,-2.56615486160511
4.74728140808264,0.352365458076521,-0.879122950628078
4.83470707989243,0.699830415645283,-0.307379398478852
4.91856664656481,1.18590204204337,-0.165182361699454
4.99680508071125,1.87409969658157,-0.11775892671474
5.06780636317581,2.86571672819363,-0.103951465293205
5.13086784805717,4.22047148526404,-0.108605296833699
5.18683467801515,5.66158615938164,-0.12592320568571
5.23867661566844,6.25614253886258,-0.147999729301303
5.29110665831249,5.38019827092223,-0.171108945312616
5.34859150403901,3.81221525325251,-0.206679377023151
5.41343087523606,2.43042413483385,-0.288262580719428
5.48551825612341,1.41075170341348,-0.544750621927096
5.56301256071188,0.649183183564023,-1.97376893525977
5.64302619442783,0.227092296255783,-15.2582466938343
5.72216347111726,0.816185167779504,-1.39017255484698
5.7969703964887,1.72448203372875,-0.45817129981965
5.86437768354377,3.11277858748579,-0.256467834378512
5.92223826376096,5.40065510441603,-0.178874944301408
5.97012884131316,8.8488442769486,-0.112758809472578
6.01055044996981,11.6124802588735,-0.0164951788519506
6.04946992119531,10.2378021589295,0.0736409827706315
6.09351252015589,6.79999571584195,0.119026793960219
6.14637039466876,4.20588099863519,0.143941075370991
6.20873664225728,2.64815171952198,0.175767568956134
6.27956179289597,1.72994009593781,0.231032028947728
6.35693187762907,1.19015013601634,0.317629662682169
6.43858742772008,0.90962056450181,0.398723286762965
6.52227359700867,0.831766960328038,0.375694720420124
6.60601456268302,0.883440778800846,0.25948249532783
6.68834422454482,0.973749417009289,0.1573918120789
6.76843809096428,1.04607504617211,0.0943387411047518
6.84605187106509,1.07231727195511,0.0511194860001922
6.92137842761563,1.03905192590556,0.0163051841033204
6.99489625415688,0.947006288575675,-0.0156802531935693
7.06722626571833,0.811656435211797,-0.0457539596248171
7.13901237605984,0.659786498242642,-0.066831601064548
7.21083503228839,0.521760282497477,-0.0545327375616052
7.28315552939206,0.420869361320651,0.0323843349820623
7.35627957711972,0.364074330650924,0.197597645656277
7.43032782177668,0.347743155165093,0.322299560314383
7.50522844277648,0.37187484415094,0.315460529704553
7.58076491685049,0.439858971352973,0.233184728132512
7.6566436805238,0.544095526717261,0.16055792179795
7.73256199523105,0.668932145027049,0.122494191975192
7.80827262110134,0.796496445741804,0.11270634943276
7.8836372158711,0.907369778408963,0.125146728264386
7.95865638122624,0.980362758057514,0.161445859279429
8.03346316362993,0.994205159720986,0.235350709471153
8.10827118271931,0.930920067107085,0.390501443271868
8.18328036351743,0.784196730035958,0.728899940603782
8.25856535470842,0.575578949701528,1.62031546395446
8.33400317687568,0.339465930401107,5.29635345729332
8.40927624199856,0.20112154425127,16.7420286355843
8.48394193841782,0.40089901553657,4.61419148383332
8.55754760273722,0.718339295587801,1.54507125430322
8.62976841885889,1.0569735637515,0.734846011931923
8.70054268575882,1.37795663969724,0.405379601927909
8.7701690082193,1.63236678731497,0.223998497797061
8.83931747974835,1.76482264377683,0.0945510747438461
8.9089106916883,1.7437839094251,-0.00492170689182518
8.9798876303192,1.59663594825345,-0.0835845170426272
9.05296780716058,1.37585241146178,-0.160463346153799
9.12851160477418,1.12954735222753,-0.253938868455737
9.20648894561958,0.890135159432367,-0.391435293033629
9.28652793207772,0.675887676986219,-0.62273873461231
9.36800687803122,0.498576367107418,-1.03227564516574
9.45016303755464,0.372204261950863,-1.64619438907495
9.53220337453294,0.314057830786629,-1.97957939782104
9.61341067104871,0.318598197328593,-1.48120087991209
9.69324129848641,0.344813248385127,-0.825465561245665
9.77138987865388,0.360652185808856,-0.371052084680262
9.8477826429427,0.354456930830662,5.62543090151789e-005
9.92253955420385,0.325531774097695,0.413580896693535
9.99593228608694,0.281606968530149,0.981722122128805
10.0683412227508,0.239700153678691,1.6753803817005
10.1402124450174,0.222638647222023,1.92393378906425
10.2120146909872,0.238473857306351,1.32793102275644
10.2841956595138,0.268054195384086,0.571768671259006
10.3571369133698,0.287235854573725,-0.0189867830872395
10.4311076401537,0.283125820113619,-0.475431107916846
10.5062325056602,0.258888675900154,-0.90442740903144
10.5824988808491,0.223207041575638,-1.46195066756756
10.6597813602606,0.187040475977142,-2.23124992549565
10.7378688580274,0.164676951997399,-2.89938406405009
10.8164931331252,0.169504879958841,-2.64204396932006
10.8953580418743,0.20090407377949,-1.74507277824588
10.9741687631589,0.246294879922834,-1.02242345683581
11.0526601880834,0.293781868824982,-0.578172949991531
11.1306235834426,0.334539570177151,-0.293458693855616
11.207930233197,0.362255893211005,-0.105201805996259
11.2845431778007,0.376151559407727,0.0210902887885261
11.3605050715732,0.377617625235373,0.117473764697485
11.4359173772715,0.368856612554254,0.194906660591174
11.5109201633119,0.352718693454751,0.25246794064746
11.585673466684,0.332438219445866,0.279700997938873
11.6603406116989,0.31124200180494,0.258179606346626
11.7350736008622,0.291922981061932,0.166494181556037
11.8100004517363,0.276597431932773,-0.00941475896180596
11.885214212071,0.266938291790779,-0.263119631521547
11.9607635704948,0.264414924286983,-0.501840826383307
12.0366492009311,0.269125737768061,-0.637260976391338
12.1128319901336,0.28096793556452,-0.669685234514004
12.1892453151455,0.299377319894209,-0.624768782382728
12.2658068910177,0.322966595183992,-0.538063950312473
12.3424298884504,0.349606292746634,-0.438802105348938
12.4190330178361,0.376662135593951,-0.343495058109705
12.4955491423412,0.401187322990733,-0.257962421278696
12.5719319071507,0.420033731919216,-0.181525592185065
12.6481598765962,0.429928022812007,-0.109802446909267
12.724237712867,0.428351019918995,-0.0481696120760991
12.8001926401612,0.416096853412909,-0.000480094056902718
12.8760652038073,0.395055157228611,0.0386383765878932
12.9518997738594,0.36735462247523,0.0713194060595378
13.0277373823982,0.335264409377545,0.0969702803281024
13.1036110205897,0.301104037313912,0.111647916251038
13.179543188729,0.267175114956332,0.106526652403358
13.2555453159272,0.235723463440264,0.06620456063061
13.3316185788527,0.20893716679278,-0.0300955951264723
13.4077556529999,0.188986260672887,-0.196949996155393
13.4839430271748,0.177477123315094,-0.376862918751441
13.5601637749236,0.173597602368106,-0.487283129301039
13.6364005206587,0.175859116396117,-0.510887796111724
13.7126378774573,0.182644972762491,-0.463881852351316
13.7888642525605,0.192222175929458,-0.376490169953297
13.8650730852599,0.202795255187524,-0.273823258647219
13.9412634835097,0.212555879198229,-0.168980964848247
14.0174401628922,0.219714616039901,-0.0642738264646757
14.0936125751957,0.222522966425972,0.0463897634287182
14.1697931446656,0.219296837698473,0.178055204704814
14.2459946200895,0.208976771157434,0.333148188955277
14.3222270429619,0.192720063325221,0.513762937777938
14.3984956255545,0.172287889730538,0.746672640828787
14.474799871918,0.149517378614173,1.06538700993629
14.5511337375104,0.126347685875464,1.50822545626253
14.6274866566037,0.104846795918321,2.09058160033731
14.7038452005793,0.0871264981606121,2.70966796426585
14.7801950958342,0.074846247428673,3.0126814974438
14.8565233344544,0.0681357471470214,2.57251750090092
14.9328201522312,0.0650168856935368,1.37497105816692
15.0090807059556,0.0628327128549923,-0.0396676888257905
15.0853059012716,0.0606000886488212,-1.27906961536053
15.1615016599492,0.059247357911011,-2.24248557217713
15.2376776466062,0.0603948809356915,-2.6649012610678
15.3138460839953,0.0649393610805651,-2.4343611225641
15.390020676734,0.0722390780659858,-1.82360104281202
15.4662155635259,0.0805490487468411,-1.15064164675917
15.5424441765429,0.0878715283639356,-0.530095160906368
15.6187178834503,0.0924369276594291,0.0745719250503043
15.6950443223965,0.092927301421095,0.785371579767696
15.7714254390182,0.0891298739375408,1.64042534241473
15.8478560009924,0.0832330889084047,2.59694108136394
15.9243239900441,0.0786434033543268,3.4954994193382
16.0008121089182,0.0789113210199785,3.83512773267993
16.0772997556861,0.0858402401292342,3.35775172742988
16.153765314655,0.0982867966635967,2.5005656885777
16.2301885705401,0.113426179656135,1.71558754776466
16.3065530176696,0.128361337025163,1.11858491871323
16.382847833883,0.140629911424088,0.66622817577305
16.4590693202247,0.14816025375204,0.285380757008857
16.5352216480556,0.149699348668685,-0.0307371452588077
16.6113162705584,0.146347747353907,-0.281965363783869
16.6873694265089,0.139952057770822,-0.497231651526354
16.7633994239373,0.132458097414947,-0.667528800890653
16.8394245337989,0.125781736116401,-0.749322465456082
16.9154614807627,0.121663324787864,-0.678384887017788
16.9915244320582,0.121561746264983,-0.413969285523793
17.0676243870339,0.126726739483382,0.0062763621575437
17.1437689322918,0.138508655342122,0.460301615192208
17.2199624499514,0.15869580961949,0.807178650174125
17.296206998267,0.188973879393008,0.911306304465905
17.3725030256522,0.228765872427985,0.823592794588189
17.448847979081,0.276610128027557,0.677202159771301
17.5252345307792,0.330883842525794,0.534412856490942
17.60164945531,0.390012230639182,0.41425365542245
17.678072877314,0.452608412241238,0.317919482481315
17.7544774618032,0.517570665390862,0.241225347671075
17.8308271045644,0.58417546284773,0.179286517651171
17.9070747473518,0.652191363508196,0.127914735457971
17.9831590875857,0.722028161731723,0.0838615821875491
18.0590004239265,0.794774881975646,0.0487883613254657
18.1345021787219,0.87115601805265,0.0235949174654638
18.2095683262799,0.950581838013872,0.00545789707487131
18.2841260717558,1.03091292290856,-0.00764556237703558
18.3581461800176,1.10836265260221,-0.0172175641191554
18.4316588073429,1.17757797057393,-0.0243944258161191
18.5047624403156,1.23202171406615,-0.0300619478589247
18.577623355552,1.2647567394642,-0.0349650423405373
18.6504634377385,1.26958058600185,-0.0398304931211875
18.7235354566575,1.24221781837204,-0.0455315311309001
18.7970869427034,1.18259893550073,-0.0543645816165061
18.8713176958506,1.09895121183267,-0.0685093725664347
18.9463446375653,1.00148022349198,-0.0895139993174761
19.022184769511,0.89933443902223,-0.119805947178826
19.0987557093353,0.799884200454088,-0.162710851478156
19.1758898932582,0.708648618235824,-0.222037632435175
19.2533582048361,0.629491378180604,-0.300641618184479
19.3308994263238,0.56470073421462,-0.397564383449526
19.4082528787487,0.514753230903779,-0.504891029062225
19.4851925336023,0.477961878220417,-0.607615019453554
19.56156119979,0.450497908881549,-0.696881024687209
19.6372943518682,0.427967632361595,-0.775526944566164
19.712416647827,0.408269324137151,-0.839458261557357
19.7870258687267,0.391480118914918,-0.87775118096179
19.8612745994278,0.378901783753942,-0.874798489029241
19.9353506685338,0.371869007907555,-0.81923432601733
20.0094567873414,0.370690110587432,-0.714258605626638
20.0837897248384,0.374297780420097,-0.577899445364914
20.1585193122876,0.380867290318285,-0.431607832678364
20.2337675695837,0.389050235728586,-0.289553243955465
20.3095886212225,0.39914422984509,-0.167439018046282
20.385958171414,0.412801278015526,-0.0764574043937736
20.462785694914,0.431715283790302,-0.0156657650745985
20.5399349910744,0.456676390777619,0.0177107321788242
20.6172443010929,0.487202806540886,0.0283833903355021
20.6945453324005,0.521587908779536,0.0216973578805184
20.7716807009655,0.557111783788935,0.00189526383852286
20.8485191212404,0.590241415600781,-0.0290119383158706
20.9249675182142,0.616778521042812,-0.0718184835000494
21.0009791645686,0.632008935150353,-0.130884784938721
21.0765569078173,0.63193838224154,-0.197030449369663
21.151748009638,0.616842587788127,-0.258995965062491
21.2266283619338,0.588725669265888,-0.319356772939504
21.301285988514,0.550213293358504,-0.377852154929684
21.3758087318776,0.504326759135473,-0.43062654262989
21.4502764974354,0.454240717770485,-0.468038297070426
21.5247577649223,0.403067260563541,-0.470729401121265
21.5993096840217,0.353700419090529,-0.404129133280637
21.6739808524962,0.308762283896988,-0.214121653033379
21.7488158442179,0.270737063103939,0.165505536782434
21.8238606315335,0.241561878259146,0.658188678860125
21.8991665982872,0.220459262159634,1.08852071928389
21.9747894173055,0.206043765595568,1.37575267293284
22.0507847338626,0.19642006992341,1.49511532798903
22.1272024921343,0.188837497363984,1.49729330590609
22.2040801012888,0.179930715896683,1.48189666109883
22.2814344481039,0.166268220911181,1.57649751005183
22.3592528005776,0.144955361170627,2.00185336507859
22.4374828284192,0.114755023001462,3.4220416640009
22.5160222726995,0.0815844077995835,8.14811809084747
22.5947094218848,0.0828130600142846,9.96701750863251
22.6733208514571,0.147159157685836,3.8793687030557
22.7515861334312,0.243488307179901,1.68292207191258
22.8292123225281,0.357633740040156,0.889255111933559
22.9059126912397,0.48500667167495,0.521632520476959
22.9814383534385,0.622408787600649,0.312659086129385
23.055611049387,0.765629475103398,0.170398217963014
23.1283544808741,0.908068562446406,0.055350445388647
23.199720296988,1.03986490737327,-0.0536836077947617
23.2699033485347,1.14797629165829,-0.171422259476972
23.3392398097902,1.21901846129769,-0.284841022909036
23.408181549249,1.24605229815053,-0.379050882834702
23.4772476600708,1.22802363389803,-0.4608968680252
23.5469670445326,1.16939740503526,-0.535560060808759
23.6178232852928,1.07890823483811,-0.609074515387905
23.6902093850937,0.967081915952024,-0.690028627042775
23.7643966521737,0.843812689072886,-0.791726594902619
23.8405181178442,0.71689382118606,-0.936759995163966
23.9185640357091,0.591694856259105,-1.16825357627091
23.9983858757469,0.471824570107396,-1.57914954562489
24.0797055437969,0.361469439796673,-2.40129100695595
24.1621300236171,0.271756762603677,-3.98787743743395
24.2451748530028,0.228598948303579,-5.54127498003258
24.3282922367251,0.260151129624979,-4.38447684005442
24.4109007592754,0.353606023764287,-2.52053955672807
24.4924164265984,0.483271424967879,-1.47610624297256
24.5722851950224,0.638550628802194,-0.944880863259101
24.6500172679908,0.817245051749947,-0.651113387149686
24.7252232932093,1.01909332472724,-0.468997050192414
24.7976519950236,1.24204147878227,-0.340748655148093
24.8672274417085,1.47899053620161,-0.253265806016765
24.9340826135388,1.71470719963627,-0.204466174861566
24.9985834822371,1.92359627030883,-0.184647482861143
25.0613310819586,2.07205301472878,-0.190074140508665
25.1231274280704,2.12810493816398,-0.220176655645453
25.184897834905,2.07533191596773,-0.276772636740701
25.2475776981846,1.92132096860018,-0.365729749701947
25.3119887497587,1.69317162755199,-0.502246239907417
25.3787345241579,1.42412939705432,-0.723333887671861
25.4481335351487,1.14207536081625,-1.12102019526501
25.5201925792673,0.868635161212745,-1.86594927532506
25.5946195813893,0.629956733487923,-3.31895994808902
25.6708820203141,0.465640527447306,-5.70169272217073
25.7482951694822,0.439930454309301,-6.10346432837439
25.8261220191156,0.559342906706818,-3.68253273297977
25.9036757992921,0.752447918010952,-2.01163796023988
25.9804181551487,0.96866859397981,-1.19637002107486
26.0560437291033,1.1777052703328,-0.774985112682481
26.1305362688985,1.35011499831347,-0.52927299091966
26.204175254789,1.45375152036045,-0.366416442080573
26.2774720001172,1.46499757976675,-0.260226288143079
26.3510330495304,1.39030703872522,-0.197321326489221
26.4254002773549,1.25305543023303,-0.16135681138202
26.5009313505044,1.08095228890965,-0.146285059300774
26.5777434789816,0.898302451467089,-0.152407453688688
26.6557156720646,0.723020125692502,-0.186942249062785
26.7345323338163,0.567904754429345,-0.266746136011882
26.8137499594387,0.443760552107543,-0.414297316034971
26.8928732762909,0.360881580624215,-0.611771236655967
26.9714324795148,0.323190544595786,-0.724681490476513
27.0490566516526,0.318005150719472,-0.668265129888573
27.1255256744375,0.325251983395705,-0.536106209071765
27.2007735148444,0.335422024202112,-0.388364910861594
27.2748687454096,0.348884347200649,-0.251047381843228
27.3479909551563,0.370364523623585,-0.152722101607701
27.4204052367499,0.403032153871477,-0.120843873139892
27.492434856115,0.444563324070921,-0.158187144216567
27.5644313382209,0.487609781038674,-0.247821159714232
27.6367409798255,0.523205153006942,-0.376829536601457
27.7096672199848,0.544065447506617,-0.548488180947138
27.783429671957,0.547674600969414,-0.725263270948309
27.8581340097469,0.539106936380253,-0.87142292712358
27.9337760068135,0.525209681088717,-0.992567804294124
28.0102612682049,0.512000386452653,-1.08173070137861
28.0874276420452,0.503848616479186,-1.12758215814908
28.1650689291947,0.502936040426299,-1.12454748701532
28.2429589228946,0.509009583988662,-1.07996764522138
28.3208747929884,0.519528241255192,-1.01252181448779
28.3986188234994,0.53012195268686,-0.944635873470724
28.4760375197695,0.535135938235794,-0.897219944196382
28.5530369258343,0.529192257248405,-0.896885621842106
28.629587410123,0.511358356268568,-0.952576491593056
28.7057101484312,0.482945688090578,-1.06302890530643
28.7814592710773,0.446329435929173,-1.23101885110244
28.8569073671442,0.404712484066133,-1.45785104716386
28.9321348070725,0.361857019372818,-1.7321193563818
29.007222585412,0.32168836797391,-2.00973401913229
29.082247963995,0.287630648865033,-2.19394348832085
29.1572819165511,0.261622185547092,-2.15019549587075
29.2323872828081,0.243219048902201,-1.77948362552622
29.3076167024648,0.229527151128023,-1.22035308044275
29.3830109573554,0.216695371374193,-0.683870556379978
29.4585994872151,0.20236289477675,-0.198745674051908
29.5344011942904,0.185618863202952,0.247313872247798
29.6104248286215,0.166469127115092,0.684393729791058
29.6866693543531,0.145424044868147,1.15507038785136
29.7631245261812,0.123234431193888,1.72635714130037
29.8397717401348,0.100784597341498,2.52985519126599
29.9165851197549,0.0792657429915637,3.86248705579261
29.993532755592,0.0611310784227679,6.25846266924931
30.0705780100769,0.0531139496872255,8.69880365029464
30.1476804009878,0.0649572467491286,6.50600370291773
30.2247954884463,0.0936416530149182,3.53509157552536
30.3018748349031,0.13160241434282,1.96434992561731
30.3788665822428,0.17517365905443,1.14964773418718
30.4557166019076,0.222778426856136,0.672696356943217
30.5323701152769,0.273619596775582,0.357329783143464
30.6087736695459,0.32725645328908,0.126044512702172
30.6848773668178,0.383473413207635,-0.0585642810304359
30.7606372806816,0.442244255370951,-0.215977806162448
30.836018112555,0.503447474586462,-0.323043875057073
30.9109975038357,0.565827837724184,-0.371285437679298
30.9855737084199,0.62743823702665,-0.384375707110454
31.0597732595245,0.685796911684991,-0.37654380208649
31.133656253351,0.737923062286994,-0.356261356080021
31.2073182199035,0.780497384608363,-0.32848336160117
31.2808876378768,0.810144101515139,-0.295985909380503
31.3545183858347,0.823798889702091,-0.260111074918365
31.4283768863119,0.819081617125913,-0.221068720004642
31.5026243447855,0.794562774989464,-0.17780543348635
31.5773952628124,0.750766551819715,-0.139378842680783
31.6527763338411,0.69257634384314,-0.113258255296157
31.7287940041438,0.625585192632732,-0.0965954688895385
31.8054119223811,0.554725462066397,-0.0884716028753329
31.882536058036,0.484151819995116,-0.0897095103499592
31.960025777539,0.417317188278934,-0.103105860110202
32.0377091594559,0.357103528475553,-0.133651503116555
32.1154010318616,0.305823552117818,-0.18762369266647
32.1929225251816,0.264900832564145,-0.268694114262665
32.2701212513986,0.234244670914931,-0.371369416629062
32.3468912822822,0.211669511341594,-0.476275365571052
32.4231868978038,0.193571898743047,-0.57314755630901
32.4990204468441,0.177862724217806,-0.662389674370781
32.5744528761874,0.16433284181293,-0.740395016883541
32.6495828635606,0.154024417187147,-0.795566189649555
32.7245351168602,0.148149652713238,-0.816128590651484
32.7994480447618,0.146814904188931,-0.809081599212761
32.8744609210296,0.148359300828266,-0.806411533772527
32.9497006231414,0.149842726395754,-0.849720190794357
33.0252680158972,0.148110410757049,-0.984684881243317
33.1012242545626,0.141225840787578,-1.22755761900659
33.1775819072635,0.130521812997968,-1.57256024691274
33.2543087981202,0.118831906633043,-2.02019770083023
33.3313371524872,0.109771864061802,-2.46512610002751
33.4085732531938,0.107103931758224,-2.64221513199112
33.4859073358656,0.112988894688853,-2.37260927664454
33.5632236382115,0.126582300543111,-1.84346473727577
33.6404105174547,0.145012369132757,-1.32587932183792
33.7173705477428,0.165170258549091,-0.919293912728256
33.7940305036022,0.184472844098048,-0.612148461320613
33.8703509841197,0.201185800215561,-0.393072490376462
33.9463320135853,0.215154729628259,-0.245944780679334
34.022008924374,0.22684043743976,-0.144105268614314
34.0974443429244,0.236788019037586,-0.0747190206091705
34.1727199192902,0.245461837754889,-0.0314795823580575
34.2479280041471,0.253161451741338,-0.0108431141666128
34.3231633399517,0.260011201844076,-0.0101924937945985
34.3985148368496,0.266023383408957,-0.027171139323921
34.4740575050561,0.271226131958948,-0.0596329602491747
34.5498446147009,0.275841026030823,-0.105680829860645
34.6259002828388,0.280370764432553,-0.148197947673716
34.7022157442746,0.285219866078306,-0.172939872452631
34.7787542411988,0.290667875295649,-0.182298323775329
34.8554590514906,0.296749057337774,-0.178755128485351
34.9322613059213,0.303145573432557,-0.164876306844787
35.0090873797543,0.309163387567989,-0.142992528645822
35.0858657652724,0.313760287229487,-0.114723673704183
35.1625333308184,0.315599819010047,-0.0804847403718495
35.2390408842885,0.313115949965796,-0.0389029715871258
35.3153579917078,0.304587281415315,0.0142482542024027
35.3914769636345,0.288652461266478,0.0771628333160661
35.4674137151244,0.265761484627207,0.149476174977265
35.543202312445,0.237076906305736,0.243844364033247
35.6188880187552,0.204020489360222,0.381565428217505
35.6945215017398,0.168236610809005,0.604848807001804
35.7701542257395,0.131608036958341,1.0087609502533
35.8458348373613,0.0964212703543072,1.83075922824143
35.9216062676886,0.066011113844089,3.63979706624307
35.9975032235781,0.0465198011246574,6.51393863131782
36.0735497294719,0.0448939180711004,5.87296249676397
36.1497564705943,0.0550615654405307,3.15890149181095
36.2261192260453,0.0672713152477438,1.7040429388263
36.3026207720798,0.0781049791007057,1.01428549051997
36.3792339587826,0.0869704965418243,0.655119461791439
36.4559246069903,0.0940958751650549,0.448386053530901
36.5326542951265,0.0999227613900493,0.319866735747265
36.6093831293461,0.104905506663083,0.235791225512708
36.6860725605656,0.109437881353478,0.179411562236048
36.7626882895021,0.113837790139179,0.14171303066321
36.8392032852732,0.11837311471789,0.117383502641177
36.9156008888438,0.123206575620229,0.0981414734051957
36.9918768800436,0.128121368975386,0.0789663772628525
37.0680386309068,0.132868315783759,0.0604834220840058
37.1441030305656,0.137225780233012,0.0429053739928625
37.2200942731263,0.140962394770699,0.02618581055074
37.2960415449968,0.143820167984376,0.0100715349546524
37.3719766063048,0.145511974025241,-0.00590316817074178
37.4479312653771,0.145728294360935,-0.0224712700686375
37.5239347508479,0.144149300694083,-0.0407600101894029
37.6000109923358,0.140460058282857,-0.0625573757028427
37.676175862522,0.13447865023399,-0.0897075372263739
37.7524352950726,0.126496145027819,-0.124416570413741
37.8287857814459,0.11693225154524,-0.17077739129045
37.9052159244264,0.106210642891041,-0.234906248032461
37.9817081754328,0.0947521799913703,-0.326280575137622
38.0582407053355,0.0829735627835487,-0.45987331517243
38.1347893891038,0.0712895653143639,-0.659359470366408
38.2113298821536,0.0601173659046459,-0.960965633578145
38.2878397652657,0.0498812667405944,-1.41412275786828
38.3643007350198,0.0410147465280088,-2.06357922552691
38.4407007880301,0.0339415974190577,-2.89583947975128
38.5170356383468,0.0291018272245079,-3.71054583224517
38.5933081613913,0.0269625373582498,-4.00270744467958
38.669527032419,0.0275619375250411,-3.49727866775094
38.7457052985131,0.0302417356507202,-2.62515474980195
38.8218589159481,0.0340597806106162,-1.86103828682995
38.8980052550443,0.0382328107881479,-1.33141098868942
38.9741615747513,0.04221966816711,-0.996425148066162
39.0503434695354,0.0456548488913093,-0.79652566924438
39.1265632916208,0.0482892870422858,-0.689556771615971
39.2028285750952,0.050005894747556,-0.639179236503762
39.2791410396778,0.0509238237105459,-0.616782227398809
39.3554971020196,0.0512394854190098,-0.610569861506698
39.4318889903663,0.051155812282441,-0.611883896013286
39.5083058941637,0.050861660254533,-0.613358594300563
39.5847351270027,0.0505156317960511,-0.608334230070457
39.661163303124,0.050233935696759,-0.591040620554922
39.7375775269624,0.0500846854573245,-0.557077107382918
39.8139665947462,0.0500919368213441,-0.503683814086814
39.8903222069554,0.0502518237100731,-0.429511160825047
39.9666401718925,0.050521614011664,-0.35402547267264
40.0429211335163,0.0507360634877022,-0.300687307314011
40.1191700676635,0.0507289207404097,-0.273202152294317
40.1953952749964,0.0503494627801546,-0.274878175287322
40.2716073327653,0.0494471057256254,-0.310809467284856
40.3478180252917,0.0478660066544568,-0.390799947672567
40.4240392556996,0.0454489312478541,-0.534742099582334
40.5002819432085,0.0420523849996321,-0.784491312505197
40.5765549126934,0.0375834465087465,-1.23325912070722
40.6528637861724,0.0320963549953229,-2.1025388678367
40.7292099066802,0.0261494225570647,-3.78157960261687
40.8055897448589,0.0216528342131475,-6.24588711583159
40.8819955041186,0.0218403589173698,-6.68875070791745
40.9584162438209,0.0279392951923406,-4.31548968086843
41.034839077689,0.0377594658937977,-2.42544586323036
41.1112504114914,0.0492720559660184,-1.42234371468138
41.1876371974793,0.0613845533178435,-0.888080134247053
41.2639881804975,0.073443128156949,-0.580202531631589
41.340295109311,0.0849654334968494,-0.386920911310794
41.4165538865328,0.0955407015580894,-0.254954159262704
41.4927656094964,0.104914282958114,-0.167405482045129
41.5689369323465,0.11333684716473,-0.113945532558305
41.6450789106217,0.121188900932053,-0.0817397917198239
41.7212053011507,0.128849744674111,-0.0640857954493579
41.7973309118189,0.136695647233025,-0.0570022648673937
41.8734700474503,0.145104300957471,-0.0577050557419744
41.9496350749881,0.154463954100521,-0.0639010225628585
42.0258351330463,0.165185274259756,-0.0734941220843127
42.1020750155883,0.177713330708288,-0.0845252824015056
42.1783542673225,0.192536916076485,-0.0952460364241259
42.2546665565957,0.21003234089863,-0.100363224608711
42.3309997866778,0.229961123641344,-0.0980437307779174
42.4073375069815,0.251912233178251,-0.0913960760895095
42.4836607598427,0.275452379035628,-0.0826267576413597
42.5599498620109,0.300124376482978,-0.0731299985523774
42.636186044016,0.325447028139079,-0.0636967878039418
42.7123528760145,0.350915674442594,-0.0547171569912388
42.7884373998898,0.376003995952195,-0.0463338051639315
42.8644308822931,0.400168227862683,-0.0385448927671579
42.9403291027516,0.422854957601951,-0.0312668866418943
43.0161321161947,0.443554650729382,-0.0250832164129198
43.0918439423419,0.461914576770824,-0.0203917249673691
43.1674730449605,0.477580386430387,-0.0168848586404267
43.2430328660669,0.490158592225005,-0.0143491503181328
43.3185418976435,0.499230133543361,-0.0126409260046301
43.3940232484885,0.504366428219665,-0.0116727074149028
43.4695036996226,0.505146406216325,-0.011407800193031
43.545012262952,0.501172604343032,-0.0118627514863372
43.6205782837582,0.492084122779796,-0.0131196999613832
43.6962291567278,0.477564241016527,-0.0153543065951543
43.7719877530274,0.45757749399677,-0.0183187682941561
43.8478696895583,0.433067164445169,-0.0216498726170365
43.9238810138278,0.405211005424207,-0.0254441756149107
44.0000171029717,0.375147807852958,-0.0297817206272986
44.0762628870972,0.343951759827691,-0.0346997133050019
44.152594241221,0.312617973524612,-0.0401378146809244
44.2289803515576,0.282055954107931,-0.0458375581285411
44.3053868507042,0.253086495707873,-0.0511759920815745
44.3817795220026,0.226438707880685,-0.0549275442455723
44.4581283912529,0.202749611920504,-0.0550042109862171
44.5344120045271,0.182353104365466,-0.0520085101581316
44.6106205937551,0.164689312973292,-0.0490190898517809
44.6867560040285,0.149095326524662,-0.0471798692274388
44.7628299972224,0.135031028878985,-0.0480379913526331
44.8388621269686,0.12204797045851,-0.0537043615261639
44.9148773171252,0.109747708605198,-0.0672462586928714
44.9909032113537,0.0977374610806262,-0.0936404475620349
45.0669673481898,0.0855920376895426,-0.142252181164381
45.143094208175,0.0728301756506753,-0.23407256062929
45.2193021763482,0.0589126309864613,-0.427108593434167
45.2956005076375,0.0434738368345342,-0.897431553373574
45.3719874357688,0.0271676709446176,-2.47989611215189
45.4484512418527,0.0132590799283046,-10.8023231280232
45.5249725769682,0.0175476296230263,-6.22028569320789
45.601526917006,0.0342720819733594,-1.61004836734035
45.6780870567246,0.0524116383303494,-0.668848605232418
45.754625591742,0.0701894646015706,-0.358048388067321
45.8311173372791,0.0868764826068595,-0.222652327427169
45.9075416341085,0.101899764148164,-0.153710802747364
45.9838844956052,0.114717972523427,-0.115490839987955
46.0601405250223,0.124930132356285,-0.0946685781187647
46.1363138169415,0.132672175255893,-0.0844806739314148
46.2124166831039,0.138221208922408,-0.0808865326038791
46.2884675362093,0.141858194013559,-0.0819078214328282
46.3644887497375,0.143864164443961,-0.0864988103286771
46.440504555535,0.144517413906456,-0.0940515640402514
46.516539003503,0.144091919599647,-0.10414407348923
46.5926140013661,0.142858357653947,-0.116384723014302
46.6687474465304,0.141089599042163,-0.130288446293972
46.7449514567708,0.139072756994349,-0.145149967066702
46.8212307312011,0.137055620268976,-0.160155115344035
46.8975817566666,0.135029911686366,-0.175615419091453
46.9739939559931,0.132917445411683,-0.192410400892936
47.0504515502834,0.130618446615965,-0.211708377356558
47.1269353969688,0.127996528819494,-0.235137429245122
47.2034247740719,0.12487121588195,-0.265066671369225
47.2798991115298,0.121017278372073,-0.305102412556293
47.3563396723672,0.116170273117521,-0.361026283528139
47.4327311893309,0.110038508546378,-0.442687969641293
47.5090634664804,0.102323909230208,-0.568097920714056
47.5853329300288,0.092841128901902,-0.76686657254582
47.6615433970337,0.0818324754554789,-1.08914095505583
47.7377049094884,0.0698169232243115,-1.63548746448605
47.8138318987205,0.057674223040592,-2.5904126184159
47.8899414465335,0.0470376322404977,-4.15635422278099
47.9660516679522,0.0408618058093582,-5.79667356235168
48.0421802042416,0.0424689922812304,-5.56189732872224
48.1183428099426,0.0518284126664634,-3.80543450657718
48.1945520138996,0.066000933854642,-2.34562484693295
48.2708158318949,0.0826070739332234,-1.46340173625301
48.3471365286631,0.100424162916074,-0.953256878088147
48.4235099319807,0.118950960166436,-0.652478859142311
48.499926127608,0.137992190603255,-0.46610333225038
48.5763706999465,0.15747139727802,-0.345839882324437
48.6528259976264,0.177361113156614,-0.26591434008368
48.7292724052582,0.19765103451898,-0.211792027675916
48.8056896230523,0.218331844636173,-0.174851123559616
48.8820579551062,0.239385874569858,-0.149748717807254
48.9583596058115,0.260780865527308,-0.133049441978912
49.0345799820008,0.282465166121962,-0.122475193002931
49.1107089907444,0.304300228483536,-0.11334601302889
49.186742177462,0.325869744974253,-0.102807347421657
49.2626813701466,0.34667448054628,-0.0915718383604659
49.338534880383,0.366200693763253,-0.0800196787954931
49.4143173096678,0.383928177302035,-0.0683060512175665
49.4900489086191,0.399341917348587,-0.0564289076415816
49.565754443624,0.411946883240137,-0.0442659026263953
49.6414615426038,0.421284909170075,-0.0315865074286838
49.7171985132842,0.426952203028935,-0.018041520529875
49.7929916523505,0.428615886133358,-0.00312760235882458
49.8688621160115,0.42618741284036,0.0114316933447142
49.9448231130686,0.420273762946235,0.0238949676332629
50.0208788808321,0.411628552305505,0.0346580764856819
50.0970248617966,0.400962174190545,0.0438667656384583
50.1732485129068,0.388922101721105,0.051459619975551
50.2495306870773,0.376076768492202,0.0571886169284766
50.3258475322338,0.362902989255699,0.0606313461418389
50.4021728432513,0.349777232097738,0.0612045992396541
50.4784807992003,0.336971953598788,0.0581854030176981
50.5547490203309,0.324659525966805,0.0507417825417792
50.6309618411209,0.312875223535059,0.0413016099326842
50.707112649291,0.301431951341717,0.0330717026668679
50.783203421886,0.290165568389695,0.0263351425956434
50.8592430811972,0.278985940038834,0.0213983458001106
50.9352457564166,0.267862590992689,0.0186086722100282
51.0112290171501,0.256811118419654,0.0183673638617354
51.0872120972636,0.24588093899336,0.0211370016505248
51.1632141232973,0.235145184450559,0.0274426673718251
51.2392523579041,0.224693844763912,0.0378652199875194
51.3153404654515,0.214631553853233,0.0530226070854367
51.3914868289833,0.205063857774541,0.0703187828944799
51.4676935385345,0.196038312950422,0.086483971879565
51.5439570214705,0.187575281089875,0.10110004750851
51.6202692930104,0.179679081854406,0.113713260252501
51.6966191985885,0.17233469322105,0.123851587615039
51.772993621932,0.165504978511901,0.131048717643607
51.8493786584781,0.159128922608736,0.134868007058812
51.9257607543325,0.153121394349226,0.134916780906343
52.0021278113866,0.147374933186195,0.130840156717821
52.0784702595342,0.141764017654451,0.122284598386311
52.1547820820985,0.136174232201479,0.112281218324371
52.2310614199044,0.130585049534111,0.104257677348568
52.3073101650263,0.125019296601209,0.0984451960530563
52.3835331667207,0.119517920366444,0.0951247499208801
52.4597374316302,0.114134510339721,0.094631482566427
52.5359313337388,0.108930279273396,0.0973456557317239
52.6121238339637,0.10396972567798,0.103666464201189
52.688323708945,0.0993173824791528,0.113964836529285
52.7645387883899,0.0950362496565032,0.128511713577894
52.8407752002445,0.0911886632095815,0.147378680370875
52.9170366343984,0.0878171461451952,0.167403289695121
52.9933239073018,0.0848777892842797,0.185327403117532
53.0696352710167,0.0823056499934211,0.201014804154602
53.1459669994076,0.0800341158527095,0.2145653582949
53.2223139660324,0.0779919086050402,0.226335540341209
53.2986702037342,0.0761008986244006,0.236950497910593
53.3750294470765,0.0742749748365627,0.24731413537151
53.4513856585651,0.0724200617590767,0.258632130430142
53.5277335395132,0.0704352738586598,0.27247298538494
53.6040690264225,0.0682151910655032,0.290905868494355
53.6803897663541,0.0656834005830089,0.316169543802934
53.7566953849866,0.0628884006959958,0.348988058823974
53.8329872564286,0.0599170972878042,0.389574582050707
53.9092680890228,0.0568631865936816,0.437771856981391
53.9855415175608,0.053825027167084,0.492650517048784
54.0618117081988,0.0509033351994332,0.551966664794543
54.138082974549,0.0481984864151895,0.611544491793792
54.2143594033071,0.0458073582379049,0.664790636077382
54.2906444877842,0.0438199637589485,0.702722172672847
54.3669407678312,0.0423166378249778,0.714963986398572
54.4432494806946,0.0413421767026041,0.702562125336719
54.5195703661065,0.0408361496266578,0.677085071049096
54.5959018516451,0.0407147044821819,0.644962525469991
54.6722413807033,0.0408961242591118,0.612782983304324
54.748585737935,0.0413007252730543,0.58638393043448
54.8249313672026,0.041851178104329,0.570446604068977
54.9012746825876,0.0424733841021124,0.568541878982085
54.9776123728472,0.0430980113922702,0.583461533039303
55.053941699621,0.0436628385186509,0.617660151366242
55.1302607897271,0.0441161628606523,0.673670372024458
55.2065689172622,0.0444315334866409,0.736722321444737
55.282866657386,0.0446342605784445,0.790160607453246
55.359155724176,0.0447573572108282,0.833702947043673
55.4354386859392,0.044826509443105,0.867030332079603
55.5117186772317,0.0448575685451301,0.890084123633926
55.5879991117598,0.0448549900675816,0.903281463028673
55.6642833954622,0.0448113161751154,0.907623533441965
55.7405746390293,0.0447077306715499,0.904692629179537
55.8168753691149,0.0445156249425205,0.896562645012199
55.8931872375418,0.0441990515995258,0.885669583903188
55.9695107327497,0.0437268404438815,0.890444589222889
56.0458450145861,0.0431108813313609,0.927742330275998
56.122188068353,0.0423947732188845,0.997566804055393
56.1985369870917,0.041647234610637,1.09876136752564
56.2748882627632,0.0409639306050714,1.22730699929852
56.3512380830898,0.0404697688322517,1.37389555163206
56.4275826357175,0.040319276462368,1.52157645948783
56.5039184214824,0.0406916669483717,1.64553934639458
56.5802425787478,0.0417775856730448,1.71778135119746
56.6565532210287,0.0437580055983723,1.71704903800007
56.7328497842907,0.0467580507043061,1.62631872156036
56.8091332326446,0.0507465250585914,1.46483797980421
56.8854058733897,0.0555921351328772,1.27599834083374
56.9616710186454,0.0611174032449004,1.0910514318288
57.037932641396,0.0671288093728831,0.926458576994905
57.1141950270315,0.0734352699274501,0.787878258392737
57.1904624149807,0.0798569131296257,0.675030337034829
57.2667386249154,0.0862282562152296,0.585121143365107
57.3430266621334,0.0923989470113775,0.514725516942367
57.4193282970995,0.0982338637211656,0.460650723369313
57.4956436230553,0.103636888167769,0.418612726806702
57.5719707981432,0.108616515053398,0.384035339838212
57.6483063157133,0.113204439465897,0.354496847669852
57.7246454837945,0.11742766128228,0.328335802164252
57.8009829092057,0.121306483945124,0.304381788499046
57.8773129787557,0.124853472914204,0.281787441935102
57.9536303379184,0.128073130987388,0.25991935539032
58.0299303670721,0.130962159408322,0.238284152748461
58.1062096551444,0.133510240676135,0.216476158379709
58.1824664703128,0.135701324998152,0.194138774900146
58.2587012196788,0.137493501446691,0.174290741310193
58.3349167052698,0.138758554422297,0.160210267380276
58.4111178557047,0.139353770675233,0.15198795201387
58.4873112187132,0.139143584295242,0.149865580529816
58.5635044022769,0.137998945012215,0.154368348220763
58.6397054751182,0.135797242568332,0.166478027405615
58.7159223314241,0.132422736169713,0.187899728330569
58.7921620265651,0.127767571547722,0.221517134447971
58.8684300925731,0.121733741509651,0.272225956721299
58.9447298442473,0.114236924738563,0.348556772521764
59.0210616983553,0.105287392813503,0.45611157600507
59.0974227618621,0.0952130865909077,0.601240756323802
59.1738071190065,0.084437206972398,0.803386341778966
59.2502064846609,0.0734188808724765,1.09163006574652
59.3266109805401,0.062680100527755,1.50573458574018
59.4030100018415,0.0528447089565488,2.08332901810491
59.4793931484391,0.04466921288985,2.79932173632991
59.5557511936316,0.0389718619183432,3.4326992403488
59.6320770637754,0.0362829984503642,3.56733697545829
59.7083668038647,0.0363260291779773,3.05258798301553
59.784620490967,0.0380680250939585,2.31896443592714
59.8608426716074,0.0405878880769281,1.72835600410302
59.9370416705344,0.0434331455522439,1.31848027276322
60.0132284429205,0.0464703167864286,1.05564330908104
60.0894153987126,0.049739775363516,0.898648121805823
60.1656152315617,0.0533721034126557,0.813182804002349
60.2418397653084,0.0575521998559236,0.771911654796995
60.3180988296693,0.0625122334286687,0.752815237400673
60.3943991772525,0.0685382633938757,0.738531651651321
60.4707434564131,0.0759783651895044,0.716706989083204
60.5471292780841,0.0851344641629453,0.661653540959441
60.6235488770778,0.0958855277432735,0.576410236640449
60.6999901147423,0.107940305863805,0.485568920348281
60.77643799682,0.120950447585826,0.401712200968822
60.852876193362,0.134529310132992,0.329508945782679
60.9292885129769,0.14826551092437,0.269436723350383
61.0056602981511,0.16173015248992,0.220166539038506
61.0819797051521,0.174479889225489,0.179816568917152
61.1582388307412,0.186058298364345,0.146510436191383
61.2344346488944,0.195997452759735,0.118571230100705
61.3105697093027,0.203919548902085,0.096631206887327
61.3866522079305,0.209843840228677,0.0806771880373988
61.4626949158915,0.213903959435095,0.0689737302871012
61.5387136996959,0.216249653932759,0.0604337637870273
61.6147260575193,0.217045737707427,0.0543613265097764
61.690749709275,0.216471217226014,0.0503061457616501
61.7668012590053,0.214718585043896,0.0479771589209004
61.84289494404,0.21199355104437,0.047187764829459
61.9190414812333,0.208515629257329,0.0478176749275721
61.9952470165756,0.204520057818269,0.0497819787571996
62.0715121998049,0.200209774866016,0.052276967803232
62.147831849843,0.195589916212575,0.0546333094115072
62.2241959095511,0.190595141238236,0.0570007315825253
62.3005908626193,0.185131693018379,0.0595744439501863
62.3770011238633,0.17907352466117,0.0626187055533622
62.4534103838974,0.17226085399692,0.0665059195809064
62.5298029104567,0.164500976183763,0.0717860563267999
62.6061648112953,0.155571280817422,0.0793178740264923
62.6824852668868,0.145224692189211,0.0905333336331317
62.7587577451965,0.133198368183844,0.108012033468573
62.8349811895793,0.119296512612491,0.136857781870648
62.9111605559258,0.103624583882347,0.186478411605683
62.9873057199472,0.0864050898748288,0.277619998281999
63.0634298544623,0.0679109363136331,0.466274318873877
63.1395479335945,0.0484944132846928,0.947121309295653
63.215675377755,0.0287898002725556,2.76898340518544
63.2918268207427,0.0121629948090594,15.8521370212616
63.3680149750473,0.0192700444570737,6.38010439138844
63.4442495675629,0.0389837789065284,1.55214159164532
63.5205363155984,0.0598031535190945,0.644786451459784
63.5968759291394,0.0806420146555275,0.342212067300927
63.6732635309241,0.101429693734497,0.207789995176999
63.7496891606798,0.122266185660235,0.136689404339815
63.8261387133725,0.143279820805361,0.0946288723957279
63.9025949095613,0.164605611510099,0.067749973958139
63.9790382960767,0.186376789524105,0.0495868999367395
64.05544829233,0.208720028553585,0.0367926234192532
64.1318042977939,0.231751712005876,0.0274919271554788
64.2080868762106,0.255574226252977,0.0205665087603758
64.2842790318128,0.280271737722921,0.0153148367187881
64.3603675881167,0.305803820349913,0.0102465644857989
64.4363445612599,0.331698688308408,0.00445190127390184
64.5122082048169,0.357358844381757,-0.00185511210504237
64.5879636438258,0.382164946892677,-0.00861321398239316
64.6636230701131,0.405482731101905,-0.0158685281921271
64.7392054115118,0.426675578569431,-0.0237503498414768
64.8147353948442,0.445122744859571,-0.0324642145584894
64.8902419411918,0.460242395811758,-0.0423000933641346
64.9657558584224,0.471517788553213,-0.0536561378554658
65.0413068288407,0.478524426466499,-0.0670815483969829
65.1169197619165,0.481113520203071,-0.0812243224704378
65.192611516274,0.479850020390682,-0.0945182415016135
65.2683898792023,0.475438141984481,-0.107206611318513
65.3442539023465,0.468524551299936,-0.119392644175571
65.4201948096626,0.459674821692794,-0.131073117188422
65.4961974164827,0.449354435055789,-0.142160612672978
65.5722420105899,0.437914636560248,-0.1525014719244
65.6483066336842,0.425583579667427,-0.161892636393068
65.7243696964242,0.412463635347938,-0.17009720253394
65.8004128606256,0.398536445662116,-0.17685522019983
65.8764240778357,0.383713181084055,-0.184571659757564
65.9523995164395,0.368024789469338,-0.195980099227822
66.0283424442424,0.35162717619261,-0.211287852937998
66.1042610845879,0.334763025545023,-0.230639315537861
66.1801666908338,0.317743631346241,-0.254015753534852
66.2560718889854,0.300932948917349,-0.281077657118344
66.3319892781857,0.284733734675716,-0.310939795514218
66.4079302699286,0.269575692231525,-0.341887783886781
66.4839041409705,0.255905531596033,-0.371089107234504
66.5599172725017,0.244178853380155,-0.394427042239026
66.6359725639878,0.234736497501693,-0.408488278122043
66.7120693428818,0.227440881741796,-0.413167609815351
66.7882041950129,0.222015689057065,-0.40914652887674
66.8643719837436,0.218165689325098,-0.397976454622147
66.9405666866253,0.215581900635194,-0.381803294083022
67.0167820540928,0.213946999904659,-0.363038548453519
67.0930121044319,0.212940469871029,-0.344073943399157
67.1692514648814,0.212243069433421,-0.327102336607205
67.2454955655103,0.211540465377165,-0.314064012051825
67.3217406905319,0.21052612272109,-0.306707109047835
67.3979838903515,0.208983394276715,-0.306639438875821
67.4742227533583,0.207026839715855,-0.313724495897585
67.550455102921,0.204863665834296,-0.327038682538675
67.6266787529124,0.202712480664033,-0.345538955987245
67.7028913611092,0.200801737373101,-0.367919329904366
67.7790903818169,0.199368134329452,-0.392498385324919
67.8552731175831,0.198654640324363,-0.417168080619847
67.9314368702037,0.198907851006668,-0.439442677579343
68.0075791923325,0.200374500064275,-0.456639924065447
68.0836982428767,0.203297160295406,-0.466196343611352
68.1597932476357,0.207824139566737,-0.461512964063031
68.2358649541341,0.213744887327399,-0.440500100957774
68.3119158252116,0.220739342432636,-0.407884509775406
68.3879500357122,0.228469040998358,-0.368019675672328
68.4639733471976,0.236585335021761,-0.324405215984285
68.5399928491809,0.244737427926484,-0.279536590708206
68.6160165498173,0.252579769260098,-0.234967176700438
68.6920527992301,0.259778839100793,-0.191465034290201
68.7681095306882,0.266019574247305,-0.149181706371408
68.8441933085575,0.271011746591111,-0.107787559066413
68.9203081943728,0.274554737655115,-0.0688925280333064
68.9964548737933,0.276702842780275,-0.0335448060258885
69.0726308236394,0.277563690835934,-0.000516039117105964
69.1488309324991,0.277231257903605,0.031187867530107
69.2250481679346,0.275781977462762,0.0624225556118133
69.3012742759267,0.273272257609484,0.0939808265214069
69.3775005133342,0.269737268850686,0.126659260435479
69.4537184130207,0.265190999005293,0.16132484038093
69.5299205807726,0.259627698664186,0.198990153766012
69.6061015231582,0.253024987933617,0.240906836834445
69.682258489927,0.245380332809338,0.286713038090726
69.758391934286,0.236821359052401,0.335461658911682
69.8345049870666,0.227530210483861,0.387616034943669
69.9106026337672,0.217710113982807,0.44334474970607
69.9866910029754,0.207580250487797,0.502372527555744
70.0627767756488,0.197370252238672,0.563769738665443
70.1388667050461,0.187313875195046,0.625688513080896
70.2149672342527,0.17764136244426,0.685083342720432
70.2910841961115,0.168570105204872,0.737501466402575
70.367222579013,0.160293564299846,0.777081005069855
70.4433863437813,0.152937095695126,0.807178879556348
70.5195783291939,0.146469324996604,0.835847247810736
70.5958002996293,0.140827150665606,0.863500401736186
70.6720530113277,0.135954573328978,0.890659795375187
70.7483362402517,0.131805356289139,0.917866839005211
70.8246487763985,0.128345663061228,0.945569607945086
70.9009883913146,0.125556575099381,0.97399197840594
70.9773517851408,0.123436361873124,1.00299790367144
71.053734519213,0.122002335057173,1.03196945151116
71.1301309400545,0.12129207149805,1.05972515298031
71.2065341072393,0.121358306842853,1.05931876684176
71.2829358981318,0.122196161184437,1.0061467022203
71.3593275565599,0.12366644991172,0.906150531047597
71.4357004004857,0.125509510835341,0.768342689341591
71.5120464974705,0.127383020443559,0.601264467935419
71.5883592801849,0.128905870211883,0.409996037097168
71.6646340864358,0.129702101700888,0.194310034600469
71.7408686160612,0.129445322908027,-0.0523719050947239
71.8170633073694,0.127910648487029,-0.343780467113985
71.8932216487001,0.125047891636977,-0.701245092690468
71.9693504406259,0.121150072819983,-1.10353972011693
72.0454596728508,0.117072226467368,-1.50412604393385
72.1215614855462,0.11393612303329,-1.86468267595354
72.1976689124653,0.112898853332359,-2.11499519083438
72.2737948020685,0.114882382185103,-2.18693959166822
72.3499509069829,0.120292299513885,-2.06755158502502
72.4261470984276,0.12891622953042,-1.81246751843114
72.5023906492105,0.140072947619234,-1.50235955738587
72.5786855209814,0.152872843224385,-1.19740572028141
72.6550315885962,0.166424968281295,-0.925720042849082
72.7314237596791,0.180014219663901,-0.709573045178352
72.8078515185401,0.193355417347024,-0.551548256338237
72.8842998445431,0.206359054177466,-0.435635919050201
72.9607506497038,0.21900177572083,-0.350582567911225
73.0371841881651,0.231286979604576,-0.288595025286186
73.1135804296627,0.24322135625953,-0.244258266878321
73.1899204076795,0.254801085604012,-0.213770342550146
73.2661875489857,0.266004121672992,-0.19443045773137
73.3423689876247,0.276786571205879,-0.184301801602287
73.4184568631404,0.287082089937072,-0.181988478878857
73.4944495838856,0.296765809308381,-0.180886675633282
73.570352639506,0.305551221017962,-0.175795011949423
73.6461782474638,0.31311925220259,-0.167522359651162
73.72194439093,0.319160711060184,-0.156626896518384
73.7976736253892,0.323380681082494,-0.143443593732832
73.8733916670261,0.325504010429069,-0.128097179033707
73.9491257687969,0.325281069535975,-0.110494808869824
74.0249028996294,0.322493006420586,-0.0902904563068307
74.1007477519851,0.316955917371373,-0.0668068598591192
74.176680612341,0.308523731165326,-0.0388881507493871
74.2527151576245,0.297205537377348,-0.00974345768519617
74.3288567552101,0.283493805555832,0.0171440268916877
74.4051022928311,0.267979291749092,0.0427188694582447
74.481440938159,0.251220445996118,0.0675623926085025
74.5578553316682,0.233735462533078,0.0918708966560484
74.6343231456667,0.215996403048299,0.115347331469581
74.7108189549466,0.19842400681683,0.136998609865139
74.787316362297,0.18138222837123,0.154832614436816
74.8637903233746,0.165172930623449,0.165466257371332
74.940219619134,0.150034128188429,0.163692113213378
75.0165893974727,0.136081268632403,0.153020797595018
75.0928929380946,0.123157255023484,0.142105416314916
75.1691312795953,0.111103508740979,0.132051191724481
75.2453119234541,0.0998275508775615,0.124362375712164
75.3214474187433,0.0892890090989974,0.121178706640743
75.3975538757674,0.0794816951384669,0.125627031005276
75.473649421621,0.0704117357880778,0.142313264924694
75.5497526079448,0.0620725719626737,0.178023199228755
75.6258807790789,0.0544196869189275,0.242890193803518
75.7020484072539,0.0473515823788676,0.352885058759658
75.7782654232038,0.0407411552587674,0.518123639900646
75.8545361195829,0.0345776015213367,0.748910471404192
75.9308595494849,0.0289269629961731,1.07623213132687
76.0072305088463,0.0239209423137245,1.53451906256197
76.0836405304896,0.0197772452237002,2.12190464411256
76.1600788665071,0.0167989716418734,2.68467894367046
76.2365334590277,0.015267517046528,2.83939835370694
76.3129918998211,0.0151846103058072,2.35414972749241
76.3894423795689,0.0161543649982738,1.53304619718014
76.4658746279985,0.0176401946797482,0.747941177567011
76.5422808349298,0.019249785438273,0.112073945170541
76.6186562664182,0.0208335530337307,-0.39775117607758
76.6949991177321,0.0224151376821917,-0.818206180970974
76.7713100659675,0.0241233464594343,-1.16115758530425
76.8475918129542,0.0261507958157218,-1.4168066034254
76.9238486332109,0.0287165943964957,-1.56865971996312
77.0000859304983,0.0320285780675959,-1.61160504142202
77.0763098068342,0.0362533154180731,-1.56118239244446
77.1525266481629,0.0415039224050046,-1.44786958993962
77.2287427312204,0.0478462163832783,-1.30390988990801
77.3049638570552,0.0553142371424562,-1.13544644252321
77.3811950300536,0.0639078964837187,-0.952306339169102
77.4574402091425,0.0735836070878104,-0.776250211008717
77.533702111976,0.0842742140091194,-0.617407609486964
77.6099820585826,0.0959061256433546,-0.478684031383778
77.6862798529895,0.108409703082364,-0.359297039288914
77.7625937014795,0.121725191396223,-0.256956532973404
77.838920166093,0.135806075853451,-0.169007922405208
77.9152541523065,0.15062106289356,-0.0929522069784637
77.9915889305042,0.166155356664558,-0.0266389518356279
78.0679161996358,0.182372596518693,0.0204278147609699
78.1442263835702,0.199090755221608,0.0434744487139968
78.2205094329273,0.216081714029383,0.0495168665385139
78.2967557669042,0.233103045216892,0.0434361046182181
78.372957127281,0.249896263116816,0.0285000107687587
78.4491073069337,0.266187647318746,0.00678237688817494
78.5252027218344,0.281690942306834,-0.0205291571754684
78.6012427960029,0.296111758050923,-0.0529222910915795
78.6772301312926,0.309153743172971,-0.0904288153934452
78.7531704384854,0.32052669125536,-0.133558612640376
78.8290722153066,0.3300072982207,-0.173213397469984
78.9049462299453,0.337590718341175,-0.201304185161319
78.9808049874452,0.343322215406433,-0.219541431730815
79.0566622042983,0.347240287928542,-0.228984517474012
79.1325322676746,0.349374134954017,-0.230228223929056
79.2084296839617,0.349742420192433,-0.223503755164281
79.2843685202019,0.348353134344859,-0.208718003713331
79.3603618404334,0.345204502500701,-0.185441164125605
79.4364211386714,0.340286999010514,-0.152842823995342
79.5125557713086,0.333586671934646,-0.109567271512796
79.588772395938,0.324976860072546,-0.0757571050045063
79.6650744471986,0.313891307476504,-0.0747043854680753
79.7414615521112,0.299676236293329,-0.11167601998988
79.8179286383466,0.281710363633632,-0.198040331975726
79.8944647373322,0.259436539231082,-0.358059892725409
79.9710516147133,0.232450727610108,-0.644790441084215
80.0476624177126,0.200743265768082,-1.18112530104386
80.1242606005813,0.165416164523128,-2.26734396034597
80.2007994806815,0.131033276065506,-4.53432984222603
80.2772228931294,0.11219517509996,-7.52451666427619
80.3534675635966,0.132680579288924,-6.21317599913242
80.4294680917352,0.190536003797198,-3.29878253150552
80.5051651403323,0.267337333784938,-1.78018225606104
80.5805158295635,0.351972153740441,-1.07454179491321
80.6555046646759,0.437821604314959,-0.724077619182193
80.7301530954998,0.519449047229245,-0.54003514399871
80.8045255843567,0.591542407678712,-0.444159837220043
80.8787300412624,0.648796318363055,-0.402585627844719
80.9529108072513,0.6862453456143,-0.401856493531588
81.0272331378534,0.699806579084464,-0.440889699398893
81.1018594612836,0.687991415547825,-0.516252385071962
81.1769223191454,0.655414086116743,-0.622722139388268
81.2525050140624,0.608400163391092,-0.768073030012693
81.3286321186294,0.55325383993761,-0.962831934128321
81.4052683307923,0.496000189807141,-1.2160856905922
81.4823246752621,0.442341973097942,-1.52364165748447
81.5596705131647,0.397609829400791,-1.84428614668467
81.6371496511499,0.366274628826893,-2.07828573062692
81.7145989436239,0.350703170995494,-2.10014187438737
81.7918679939738,0.349792797303671,-1.85970506335187
81.8688386196309,0.358981030311027,-1.48907893915772
81.9454389805535,0.372625662315416,-1.14220783413782
82.0216449168262,0.386553629329029,-0.855067684096712
82.0974748042817,0.39805872936581,-0.630805695132418
82.1729824062061,0.405464392767949,-0.46198603103601
82.2482483083442,0.407789663200041,-0.340511027770095
82.323370330741,0.404534021133493,-0.26076191097827
82.3984533034962,0.395541137884909,-0.220333724169732
82.4735985865224,0.380909333889217,-0.220436698274229
82.5488936885839,0.360937531619965,-0.266976059606798
82.6244023898703,0.336238024514551,-0.341933134771225
82.7001580760788,0.308038069788456,-0.422622978938616
82.7761644725489,0.277635686383321,-0.512738634127691
82.8523999395108,0.246208184914342,-0.615814463686143
82.9288226993314,0.2147868052955,-0.734790713899065
83.0053766733714,0.184239986108094,-0.870920041797315
83.0819977221618,0.155244920812327,-1.02175363232234
83.1586201125878,0.128227159455788,-1.17849087757525
83.2351830704115,0.103255928143733,-1.3249591018823
83.3116373127238,0.0799111904620333,-1.44526127245574
83.3879514057037,0.0573987036479059,-1.73598303875601
83.4641157528025,0.036130115610723,-3.06579356662171
83.5401407763272,0.0223124085294683,-7.14095493512269
83.6160528271554,0.0312912509113387,-3.9450144468702
83.6918900130273,0.0527983301515432,-1.58349382830009
83.7676980055928,0.0763510066929686,-0.808919574689135
83.8435257683857,0.0992599815732865,-0.437189104735019
83.9194211326316,0.120254604546296,-0.192437018828813
83.9954261487259,0.138451292762076,0.0105411100630397
84.0715721575206,0.153240280765526,0.209954035121998
84.1478746370979,0.164477567836429,0.37752091159941
84.2243298968602,0.172827837062389,0.488572662787982
84.3009170215322,0.179094811126992,0.559861443549537
84.3776019295164,0.183938656296835,0.597924936684712
84.4543415447803,0.187797773937383,0.605491284509187
84.5310880024686,0.190846624483727,0.584311172014268
84.6077928693613,0.192985121098371,0.536017396258449
84.6844113479282,0.193857512091869,0.461617972046582
84.7609064282444,0.192897646733575,0.359981438206809
84.8372529554381,0.189399525811318,0.225356648692579
84.9134415210514,0.182790372574845,0.0801985517347555
84.9894804165424,0.173307771311408,-0.0533655881302767
85.0653929568275,0.161581822138643,-0.184366437747276
85.1412132072662,0.148408473516348,-0.317824873839537
85.2169819413473,0.134682196243959,-0.453057289334726
85.2927428885374,0.121318230066061,-0.579961536153794
85.3685392342222,0.109149485062347,-0.67438809062163
85.444410315711,0.0987985507699088,-0.696957867097381
85.5203884502073,0.0905674943468551,-0.601522035740718
85.5964958336967,0.0844486795405556,-0.352397896314148
85.6727415194275,0.0802670277331449,-0.0212814765007427
85.7491198256455,0.0777560899406811,0.278035807762931
85.8256123261332,0.0769038134040881,0.505746430180467
85.9021911786712,0.0777765137870409,0.634891232864094
85.9788224301881,0.0802558232951382,0.66306807702947
86.0554692550735,0.0839139732051719,0.612853219810558
86.1320951203713,0.0880425107653588,0.516076127502014
86.2086668596715,0.091758134183198,0.397296765955383
86.2851576321251,0.0941039658473747,0.267057239930248
86.3615497445021,0.0941190789856163,0.121293449300695
86.4378372738112,0.0911332284786408,-0.0254592876994204
86.5140272711396,0.0855483617528665,-0.16365959131507
86.5901376916414,0.0781322595509459,-0.310537137841513
86.666194169616,0.0697442168471535,-0.476084668722954
86.7422269023664,0.0612945549076694,-0.657289326631317
86.8182676765385,0.0536696309439922,-0.822791949862426
86.8943470072406,0.0475829498212458,-0.897659711644144
86.9704913535854,0.0433672547718818,-0.782928413318028
87.0467203751807,0.040891727146411,-0.421605134021022
87.1230442028254,0.0398809196988036,0.162317953847624
87.1994607605105,0.0405572588087469,0.744681071136604
87.2759543321598,0.0437530249078729,1.05011796828322
87.3524972769333,0.0502942084271296,1.03239957862789
87.4290530079094,0.0603023611291387,0.82967846621314
87.5055790672916,0.0732437051458946,0.597353634870169
87.5820302555939,0.0883423208628606,0.402195659355787
87.65836180449,0.104826593235057,0.252064825347196
87.7345325702705,0.121987408132027,0.136492959816793
87.8105082140833,0.139167123123319,0.0433477537447267
87.886264326086,0.155740780738885,-0.0372792666164142
