s,curvature,torsion
0,0.195363027952249,0.00298704172996747
0.0620622118464384,0.164638072014785,0.00400994172658855
0.123920362115121,0.129551576839944,0.00609512304086452
0.185622944001666,0.0920276843514321,0.0111584640081225
0.247217692717429,0.0540539980188209,0.0292257592273561
0.308750166602183,0.0176426568713732,0.242502556628933
0.370262533748282,0.0152101163972563,0.283957928773898
0.431792340867922,0.0425400501250329,0.031678716080329
0.493371064138233,0.0624579496602921,0.0133360473727227
0.555022294718609,0.0731470554607632,0.00966540678925754
0.61675949182275,0.0728642800168872,0.0110393190613384
0.678583390976005,0.0607481018180974,0.0190745885013994
0.740480517320692,0.0392527488975002,0.0527485075800535
0.802425222593476,0.0115779961268293,0.668172782109765
0.864383512739859,0.0191696860084878,0.258353026659474
0.926317358252625,0.0499071305261485,0.0394791658383946
0.988189222608776,0.0775539366611188,0.0169583609773433
1.04996652450518,0.098952623946191,0.0111925992641456
1.1116257489136,0.110837387542417,0.0102827179720429
1.17315599154679,0.109826876956481,0.0131854958885948
1.23456186724022,0.0924602559814376,0.0252930941863775
1.29586585702561,0.0568528075098128,0.0876206383725436
1.35710844441157,0.00756276030576028,5.85119809129622
1.41834349770755,0.0490801900296877,0.15284118931349
1.47963278103305,0.106542559316453,0.0340967613449072
1.54104117805861,0.158358480735835,0.0159560755214493
1.60263169959831,0.198245943303919,0.0107177442447685
1.66445922214511,0.220282539410958,0.00964396820925472
1.72656218123729,0.218999011593881,0.0116988359830685
1.7889520015342,0.189332484249817,0.0202074116061675
1.85160082837565,0.126356916384391,0.0617985905130264
1.91442925585734,0.0273081641339098,1.76108471542111
1.9773011320352,0.102104501657577,0.155937436385634
2.04003591449528,0.254485239931949,0.0291976671617211
2.10243282077944,0.423937775412179,0.0114728054757691
2.16430079353799,0.604194764829612,0.00564833494525395
2.22549112058122,0.787376538405574,0.00285411493288094
2.28592858165482,0.962563808202966,0.00109363081992049
2.34563570683668,1.11498707494459,-0.000326578212108007
2.40474358673133,1.22665193571473,-0.00176377053549647
2.46348259590252,1.2789713041389,-0.00352942838325258
2.52214872403767,1.26024054634061,-0.00554976059430926
2.58104864305078,1.17867783469811,-0.00771032483769974
2.64044243631298,1.05069195106904,-0.0103628829293816
2.70050355326469,0.893725535116709,-0.0140404511153011
2.76130126523858,0.723131638367162,-0.0197818250654734
2.82280354841411,0.550800021679726,-0.0300242301486393
2.88489512279058,0.385391757450404,-0.0519041477599124
2.94740468881357,0.233560106384659,-0.11500770312698
3.01013615772113,0.102269430027134,-0.467674204823158
3.0728998478264,0.0325662786501508,-3.4448935292628
3.13554051002816,0.0964729765358192,-0.306444731033938
3.19795550013139,0.147403456455149,-0.117880707254572
3.26009520685872,0.175961971487439,-0.0840766370283714
3.32195492535004,0.184724097664744,-0.0827493796899026
3.38356479679999,0.177097666780303,-0.0983158579159055
3.44497935967393,0.156997364783149,-0.132372837983769
3.50626758502719,0.128857459686714,-0.196901144729683
3.56750385053386,0.0977095217779571,-0.319372296981943
3.62875994901642,0.0694121540288251,-0.537566792938828
3.69009794924612,0.0504564592397286,-0.754920889665269
3.75156363861201,0.0432380614968002,-0.708560761638967
3.81318217847945,0.0423094734291736,-0.567275621602739
3.87495891101422,0.0430013064715559,-0.509587103219091
3.93688203252959,0.0448267260356891,-0.516265531187284
3.99892522845272,0.0500718827312828,-0.487016913297081
4.06105029921009,0.0615228351780139,-0.370348682576915
4.12320986766992,0.0806639795410503,-0.226552945896345
4.18535026494852,0.107945078098865,-0.112705318948851
4.24741472477507,0.14386712284566,-0.0371074696743605
4.30934707805927,0.189437410596518,0.00969349806212673
4.37109621298057,0.245293385251342,0.0307421389459665
4.43262120538651,0.308878504920088,0.0348551246656346
4.49389624533325,0.376657878321725,0.0327893510591852
4.55491519046415,0.44476458581197,0.0288395063371593
4.61569532843553,0.508930591355965,0.0245664585548557
4.67627945358596,0.564531875017836,0.020456217773156
4.73673530700555,0.606757950054901,0.0165715945970396
4.79715155939582,0.630897798359973,0.0127844373131412
4.85762985036508,0.632684851518409,0.00881760703791308
4.91827293161024,0.608591161702774,0.00414013234198192
4.97916968981986,0.557481554671765,-0.00090635614949602
5.04038018732959,0.484891471094888,-0.00622626369064103
5.10192697513899,0.397651699653019,-0.0135053145565131
5.16379374077015,0.30193289935983,-0.0265800450695319
5.22592971195238,0.203143388841796,-0.0591642525312817
5.28825836150446,0.106066442220924,-0.203374177696485
5.3506887379001,0.0152969987678876,-8.73419547005115
5.41312773985223,0.065427577736646,-0.416066694171924
5.47549179872791,0.130655093869274,-0.0920226219036582
5.53771668042348,0.175601626571278,-0.048331520482857
5.59976440333748,0.196258001671086,-0.0407874066693887
5.66162496717982,0.19479185756643,-0.045718488498792
5.72331085768464,0.175070051685905,-0.0623804007845397
5.78484958944736,0.141180104298852,-0.102771985210103
5.84627740104759,0.0974391296925351,-0.222069949480954
5.90763453419193,0.0483631310615256,-0.887997762614575
5.9689619698723,0.00385093073611544,0
6.03029914938969,0.0479609364740772,-0.779335253556811
6.09168201373111,0.0857035284815935,-0.220668516395989
6.15314066371403,0.110715837999059,-0.123716140926568
6.21469613066399,0.119896805532054,-0.10722142899246
6.27635736727859,0.115086472102532,-0.124263269088306
6.33812109884767,0.0993127754882244,-0.178778837294265
6.39997324289985,0.0755352371985088,-0.323949971951097
6.46189095079265,0.0466511099239731,-0.861648097987322
6.52384528515967,0.0157759517344807,-7.37802489482351
6.58580442128253,0.0166004576578543,-6.31579872309097
6.6477371496613,0.0440536137987641,-0.831618468295623
6.70961640717212,0.0659546784865508,-0.344987531549115
6.77142257145172,0.0791578966451266,-0.23374206056685
6.83314627424779,0.0815368512590308,-0.233693093089216
6.89478959697037,0.0743240337343738,-0.30949590370196
6.95636418435313,0.0596477753693146,-0.524658593375268
7.01788840336324,0.039739532118497,-1.25219291958776
7.07938478724232,0.0172459162109431,-6.77673932482975
7.14087780537136,0.0102769291043605,-18.7071064973628
7.20239186550339,0.0314084482218625,-1.90068740041309
7.26394940083389,0.0502468582705703,-0.693761027768978
7.32556887836339,0.0634421991975644,-0.413377922557478
7.38726258760129,0.0687471204528773,-0.357316465606859
7.4490341698913,0.064762020702817,-0.440687160072793
7.51087694538044,0.0529813391006072,-0.729410004058633
7.5727749162555,0.0356473208032045,-1.74930862189465
7.63470506399618,0.0155699344917565,-9.64681947900233
7.69663996981414,0.0119729728017101,-16.6317735443564
7.75855065688675,0.0325287848295742,-2.24358498239682
7.82040953768862,0.0520753204978259,-0.865617852728985
7.88219332520327,0.0672613990495246,-0.524010101534199
7.94388577246516,0.0758087820568563,-0.441775818375525
8.00548014136453,0.0754966602262044,-0.522441776265744
8.06698132211085,0.064916580029466,-0.854431279018046
8.12840646927364,0.0459706590041055,-1.96139921401658
8.1897824966976,0.0221938229625838,-9.22267857117709
8.25114267114201,0.014259480151174,-23.5696981108808
8.31252353188945,0.0398673340173489,-3.12142874098884
8.37396203614417,0.066172732611338,-1.18353887714833
8.43549271487529,0.0879760364041802,-0.730127230580629
8.49714461295272,0.102434572265506,-0.630449578591816
8.55893783151668,0.107040292256704,-0.730671247488274
8.62087958635057,0.0995239723385474,-1.13743581900407
8.68295991282338,0.0790660956616778,-2.28284496621569
8.74514915070557,0.0502131855966348,-6.42936419601211
8.80740076136028,0.028122413252232,-22.1592559927439
8.86965686879624,0.0485188022135825,-8.07560700015265
8.93185450695367,0.0861476011322944,-2.9441627824595
8.99393211589698,0.122724709609064,-1.83787511222597
9.05583583576876,0.152897676051665,-1.65495855497044
9.11752517885621,0.173130806142236,-1.92465418283039
9.17897779565534,0.181111580023992,-2.68754912088868
9.24019330623364,0.177424461298782,-4.26041868731161
9.30119645692393,0.171379389633358,-6.32567104964471
9.36203788690372,0.184281951462991,-6.66622165186848
9.42278973723577,0.226786544350923,-4.86589447586352
9.48354086121889,0.288727438752946,-3.03680188048282
9.54439307586599,0.354197244859512,-1.85565990194355
9.60545656003448,0.410004224635367,-1.12652840972737
9.66684230586661,0.445883801510857,-0.631273374128099
9.72865001747214,0.453855790507841,-0.221796070432617
9.79095085437159,0.42794304991457,0.24566520295336
9.8537657750888,0.364123461995183,1.07454572582351
9.91704197456696,0.264263599587593,3.25267814109756
9.98063742369063,0.155418875530389,11.8749578709334
10.0443291846895,0.153564425212991,13.9371762356131
10.1078391721815,0.301798501380738,3.91273906784634
10.1708696590251,0.494545746075816,1.50918354830929
10.2331449486429,0.70349985009037,0.727243288403508
10.2944550538922,0.916107931743684,0.374528363455226
10.3546959830693,1.11779595115439,0.168094713418046
10.4138993877272,1.2885429390857,0.0125695709862766
10.4722425149513,1.40366380304698,-0.13835817133778
10.5300293698672,1.44213608703459,-0.283177792008584
10.5876386977771,1.4042665329329,-0.410579957009302
10.6454531067867,1.30302865441118,-0.53476387970462
10.7037966853908,1.15718427603206,-0.666342364165706
10.7628945932396,0.986344420228615,-0.816482456199713
10.8228571649422,0.807164756554942,-0.998896612975729
10.8836848586192,0.63177502620189,-1.23097444727795
10.9452874282092,0.467941496851394,-1.53369387582982
11.0075106080641,0.319883186347268,-1.92740627367332
11.0701650153515,0.188812717175697,-2.41337983903202
11.1330536728552,0.0727951751853709,-4.88467337278536
11.1959935298121,0.0425610490669142,-9.45060718581023
11.2588263612011,0.144721788795629,-1.99574374148675
11.3214249513351,0.246602822278963,-1.42187483075168
11.3836984119005,0.345487997221733,-1.17044607536973
11.4455967195756,0.438624220017106,-0.991293048309671
11.5071136481589,0.521704224025557,-0.840928535770912
11.5682867547209,0.589113582745572,-0.704109384040024
11.6291929023065,0.634443359340228,-0.570501175203035
11.6899380590535,0.65118628373912,-0.427629338195792
11.750640930439,0.63521709262903,-0.309409505096242
11.8114130096822,0.590529481232728,-0.241635556625429
11.872342297867,0.523735680134317,-0.209481177961869
11.9334836508639,0.441638906751406,-0.213229433948508
11.9948556242354,0.350718857960538,-0.272886238349849
12.056443220404,0.256908211074784,-0.460966675526618
12.1182052146692,0.165689711104431,-1.07331061082959
12.1800843867034,0.082811065664418,-4.11626085838776
12.242018952408,0.0247668939403419,-39.7306526991985
12.3039536689654,0.0551072690919026,-5.1220251272099
12.3658493313662,0.0891434660653624,-0.406196139740275
12.427687895397,0.106996267616597,0.688605525284837
12.4894701544812,0.111028268321178,1.28604302561243
12.5512103370631,0.104396471448132,1.8026243751083
12.6129305312483,0.090087693389216,2.36603197873708
12.6746554323399,0.0705461995383041,3.11113226922846
12.7364075368011,0.0474243117677714,4.64848383227706
12.7982027367528,0.023091120440396,13.1734397856729
12.8600462240686,0.0258336808647305,13.4600014097316
12.9219286964002,0.066864798463811,4.70081692473899
12.9838231534723,0.124962049675027,2.73841529940125
13.0456848612823,0.196828829710965,1.74841657701755
13.1074582681598,0.278346704185788,1.19660213882277
13.1690873571248,0.36487356971302,0.863113286700875
13.2305265406438,0.451330701082724,0.646991401244394
13.2917507715746,0.532102849317331,0.49783235320214
13.3527633520149,0.60098946173171,0.388326162281967
13.4135998331742,0.651334655032112,0.302227412496942
13.4743265799411,0.676381540381278,0.228345074776217
13.5350331233058,0.66978841892769,0.156421719970179
13.5958183901284,0.628168128236899,0.0932561650989193
13.6567725749626,0.557317195732502,0.0430121483410957
13.7179604194384,0.465501963775352,-0.00811795928841951
13.7794118501379,0.360737397161395,-0.0798235779408526
13.8411207589374,0.250407119469618,-0.22800339164156
13.9030504132609,0.141349781638621,-0.7517553628965
13.9651432292767,0.0423157759145313,-7.70519303468458
14.0273324210567,0.0568356860663001,-3.59293915357347
14.0895531760627,0.126222001014206,-0.579506368746297
14.1517513961856,0.17251869604505,-0.246496005123611
14.2138886345671,0.189884696382628,-0.176641867134183
14.2759420787457,0.181584513078659,-0.185604667027451
14.3379000388642,0.153090609579258,-0.266607081928875
14.3997571418462,0.110185288615078,-0.534285377549065
14.4615114496266,0.0599522251304578,-1.84708214688418
14.5231637524609,0.0270879886653497,-8.97211594767331
14.5847185584689,0.0643088464007971,-1.51747119319161
14.646185864454,0.108916128216085,-0.485039962325386
14.7075826191185,0.141405275886123,-0.257234748221084
14.7689328863948,0.154609677263743,-0.194970300707319
14.8302660911934,0.1442938265107,-0.220653089514298
14.8916134115053,0.11424928771533,-0.371794846444756
14.9530037396743,0.0709102259199534,-1.03402798578735
15.0144610926167,0.0275738493232381,-7.18828840234451
15.0760039011428,0.0501852853132803,-2.20547706184594
15.1376456876333,0.100961188439902,-0.533725705860983
15.199396230973,0.146017140562625,-0.24211488598812
15.2612621771877,0.178121241476636,-0.151994660269916
15.3232461692831,0.191672128750172,-0.12474058367712
15.3853439312686,0.181423384209805,-0.141627614787939
15.4475393851975,0.144145948995882,-0.256545265167609
15.5097999118484,0.0841696922218193,-0.911006189473056
15.5720759270136,0.0153211078418508,-32.6309541400145
15.6343048674329,0.0863654424945492,-1.14341079650005
15.696418482897,0.182823077575556,-0.256223711567728
15.7583524519373,0.281534208628188,-0.090230075622041
15.8200568598185,0.376608811363768,-0.0248968569574328
15.8815057509677,0.46186817617075,0.0150116831137693
15.9427038243302,0.530560636906268,0.0498880237663748
16.0036884326161,0.575516159140066,0.0904650375881687
16.0645254657098,0.591311137523864,0.134754410593653
16.1252985713623,0.580034159513006,0.178930752389924
16.1860945719228,0.546253328848577,0.228924628210175
16.2469904834352,0.495058297948574,0.290349546820014
16.3080444444461,0.431723787303936,0.370363534001503
16.3692910243597,0.361402436259869,0.479412673887926
16.4307406166882,0.288928467215757,0.633184797206448
16.4923821146327,0.218745884616301,0.852905406111165
16.5541878061871,0.154915134158292,1.15017558514463
16.6161193813155,0.101095677579249,1.41335108527907
16.678134050197,0.0595406945015993,1.36393153510162
16.7401896082707,0.0290065008966373,0.151422707517942
16.8022473384376,0.0116142990608081,-9.69686235323623
16.8642735077338,0.0193148195693946,-2.13049047895181
16.9262402693549,0.0321493003007679,0.574834219549749
16.9881262767169,0.0429475432048157,1.08613621276592
17.0499171625678,0.0510192610145417,1.06826257419415
17.1116059394881,0.055569737566988,0.802536097359574
17.1731933210517,0.0553936906812641,0.282177785448751
17.2346879450385,0.0490978133589852,-0.85016133884578
17.2961064778767,0.0363256643464904,-3.75247938052694
17.3574730707875,0.0220802989425142,-13.8639691406249
17.4188173761255,0.0246150223184628,-12.6183866290573
17.4801721930955,0.045197673283013,-3.82296729977309
17.541571279512,0.0685550009068055,-1.59019604023838
17.6030472000318,0.0894373219142499,-0.859389868140558
17.66462902693,0.104885585366254,-0.568654382450811
17.7263397255157,0.112423502585263,-0.463730072782259
17.7881931169341,0.109780485584584,-0.491854812439842
17.8501904127671,0.0948262285038265,-0.743743735620956
17.9123165170363,0.0665243204049192,-1.8213796953326
17.974537994416,0.0287657851868632,-11.6195832620544
18.036805791305,0.0279376892212484,-14.1851968616755
18.0990605594925,0.0790206404706384,-1.94665957536491
18.161238897413,0.13495960551851,-0.69019734947717
18.2232801061282,0.191040518498244,-0.328365264052167
18.2851330016555,0.24407080473096,-0.167928093287945
18.346762255438,0.290795004398564,-0.0731198949260891
18.4081537124419,0.327735532425613,-0.000388540532835587
18.4693181747221,0.351222857782333,0.0720519663633306
18.5302931807849,0.358558901807623,0.143381804100634
18.5911407182794,0.351266348826548,0.208773992190259
18.6519387303406,0.332214603365377,0.275617175362245
18.7127712040986,0.304544026074807,0.347195286493003
18.773719496367,0.271485522976259,0.422925901829184
18.8348551429711,0.236109927644049,0.495819972532238
18.8962340729537,0.201025536595712,0.546941664035714
18.9578919656218,0.168056310799999,0.536363691902192
19.0198403845576,0.138032172129717,0.388046670288461
19.0820633059186,0.111114525427276,-0.046899176199621
19.1445138507331,0.0883932615479159,-0.84784757919401
19.2071141908578,0.0741224742011338,-1.7661742864138
19.2697635395904,0.0749308528865393,-1.91618489328579
19.3323491074389,0.090173124560143,-1.2951437645767
19.394756944269,0.111478293248726,-0.77403587317189
19.4568825673335,0.131184929967911,-0.496506166011156
19.5186413324056,0.143614575062821,-0.378690782600727
19.5799784922965,0.143895012722527,-0.383627995392805
19.6408789381196,0.127604514365226,-0.58333952261526
19.7013767454106,0.0922220983925899,-1.52990035277554
19.7615645777091,0.0542011774632927,-5.89929719954227
19.8215965001058,0.0913342543286019,-2.44867940497438
19.8816734810312,0.171410076273572,-0.737828643141522
19.9420224591911,0.251032563159839,-0.331960265039996
20.0028746481192,0.314673053074853,-0.18663926556856
20.0644418260355,0.351979087069683,-0.121644360629058
20.1268895791268,0.355574728296384,-0.0913022522360384
20.1903074099755,0.320471921157568,-0.0846414666290202
20.254676729007,0.243198382392392,-0.120993270746856
20.3198387894518,0.122641782660697,-0.498501343660311
20.3854662161727,0.086266600380469,-1.32501940226957
20.4510574915755,0.300282327423326,-0.155234885630909
20.5159831065252,0.57276813285446,-0.0627667874040124
20.5795608511344,0.899273307365538,-0.0388142931643735
20.6411449058112,1.28633432088408,-0.030138886491667
20.7002276138877,1.73623832357783,-0.0273286651377851
20.7565510383644,2.23279946141944,-0.0278762187122029
20.8102168848135,2.72106807954006,-0.0311296699884048
20.861764415525,3.09475657869837,-0.0371685967256618
20.9121606372424,3.22507095139939,-0.0466957424021113
20.9626449629742,3.04902333756488,-0.0582392441465898
21.014440252425,2.64317071123904,-0.0700038854549503
21.0684706710569,2.13930973701366,-0.0842431721069128
21.1252217342357,1.6386475814821,-0.105436404202897
21.1847443328402,1.18999810446946,-0.143076591512044
21.2467405686329,0.805573164589102,-0.223344177324695
21.3106768464309,0.481233380561047,-0.452669484826144
21.3758958404536,0.209724326811329,-1.75572346441553
21.4417168505459,0.0310640344161115,-61.3611221389229
21.5075215718527,0.194278873413827,-1.34371251913678
21.5728235939682,0.314494526901059,-0.543265896560512
21.6373074368597,0.384426368266692,-0.44391381134506
21.7008184916478,0.40853993505991,-0.492496210008624
21.7633323440618,0.391089415896527,-0.64908787824131
21.824922557414,0.33782062048656,-0.986872696666786
21.8857311376197,0.25725548421191,-1.79892878272506
21.94594376263,0.16260086321819,-4.45346367138935
22.0057701634046,0.0848680970011102,-15.4454545723092
22.0654284229133,0.10550050525816,-9.48770523379457
22.1251307977666,0.174949971799294,-3.57540483120095
22.1850684983501,0.229409104164158,-2.36218019635535
22.2453977788437,0.262365892391685,-2.02135167453036
22.306234594093,0.276042809761757,-1.94155142863898
22.3676527596483,0.27334807580676,-1.99466361596923
22.4296823283458,0.256858188614882,-2.1835584805822
22.4923083699794,0.228675765242598,-2.61817605972446
22.5554702077385,0.191097038985932,-3.64181294924735
22.6190610841769,0.149675770804253,-6.2069206048676
22.6829283572153,0.124810370905866,-10.5114286462122
22.7468746554208,0.159171393143162,-8.64862926519932
22.8106610929761,0.259479705734664,-4.51340610317804
22.8740173372419,0.403322821524185,-2.47466684615329
22.9366653613117,0.577360981253359,-1.52908737378425
22.9983522620393,0.773985257102909,-1.02864803876849
23.0588872821009,0.985269841759894,-0.72500587986614
23.1181794293027,1.19935676164248,-0.514302167719019
23.1762700987211,1.39809092416553,-0.345978972077246
23.2333525695388,1.55681599016907,-0.190530858992138
23.2897684641198,1.64798192274771,-0.0256961720095591
23.3459726398913,1.64867985842234,0.17349404129946
23.4024648870518,1.55249675181968,0.394434659172186
23.4597011818975,1.38231988580419,0.626369552344135
23.5180176006611,1.17000948120905,0.912863248744467
23.5775916906064,0.943940294029186,1.32330037600733
23.6384409106962,0.725643820023286,1.99004002266515
23.7004475893289,0.531563240693246,3.17377356324459
23.7633983310287,0.378477254417395,5.21545328249265
23.8270280160057,0.288685725141755,7.29813537460464
23.8910614555187,0.272710252224615,6.52009983045982
23.9552480760112,0.295447126085376,4.3813617773099
24.0193865258161,0.311458292690769,3.32503265626653
24.0833332548935,0.30626465700808,3.31886407644758
24.1469908062507,0.283790725713174,4.17229715801844
24.210290855639,0.259149066073501,5.74188089209615
24.273181139775,0.258628076853041,6.71423427133949
24.3356181069791,0.304954740991565,5.53511893015524
24.3975652828388,0.394993561158876,3.64820947563969
24.4589960191706,0.511270132087626,2.28241189808724
24.5198983084982,0.638398913701813,1.41870248332949
24.5802787247826,0.764694080533314,0.841824152761592
24.6401625453032,0.88107262046627,0.473755264488199
24.6995924911611,0.981596938605294,0.266870493181952
24.7586336799307,1.06136595289814,0.153093253245492
24.8173774909835,1.11556277198073,0.100457013061221
24.8759394989081,1.13963498553206,0.0949639966010076
24.9344515277419,1.12979106824395,0.134086658539157
24.9930486053155,1.08348364783343,0.226957690670181
25.0518523404049,0.999638386671994,0.402588206595651
25.1109530370929,0.878569489394571,0.738017338202597
25.1703935469339,0.721950654968448,1.45924136633909
25.2301583486884,0.537022043323305,3.21042291527316
25.2901707659761,0.35376956840429,8.23832983854727
25.3503024491498,0.263838446120767,15.6452857506919
25.4103996722554,0.376450668966703,7.79828206238064
25.470321913607,0.585342291803569,3.13746695696265
25.5299842953676,0.806174985914542,1.5173264868302
25.5893944334172,1.00530465007276,0.814572724440263
25.6486733259924,1.15797177880621,0.430991910702789
25.7080501189388,1.24229968826359,0.168181602874578
25.7678238849545,1.24235556467948,-0.0663479922830942
25.8282933545328,1.15612702979532,-0.298715557550074
25.8896736381177,1.00675229298715,-0.554716477994623
25.952039963536,0.821332280181678,-0.928649742672393
26.0153114852891,0.622439835962316,-1.62538721145054
26.0792676981374,0.429675973510766,-3.25683255576313
26.1435875898308,0.271479529587054,-7.59748066272269
26.2079014407395,0.216892991034058,-10.9967715369317
26.2718468695426,0.293772594082455,-5.59359551283607
26.3351224450101,0.402739843063016,-2.89080669121627
26.3975332616677,0.483756297874633,-2.1261350643946
26.4590232935845,0.5115201135584,-2.22381736197961
26.5196806248349,0.48959710979195,-2.8914681367262
26.5797033221716,0.435764009067328,-4.19809890600251
26.6393562811988,0.379642605931657,-5.9838574917921
26.6989362266977,0.358005513852563,-6.78190451246146
26.7587456040075,0.386128078353448,-5.47436723819242
26.819072007985,0.438998161640997,-3.73632517309308
26.8801677725279,0.481137134670106,-2.63068777968331
26.9422245222087,0.488223795089647,-2.15543983130047
27.0053396912419,0.447247733385321,-2.3066714122628
27.0694759540915,0.358881551861378,-3.62037470632069
27.1344313846019,0.257877513224567,-7.68432535688601
27.1998512379771,0.235935750317344,-10.4477390377901
27.2652671527353,0.365184601137574,-5.05026873016812
27.3301499394861,0.579432918572063,-2.34069170082845
27.3939725700543,0.837260281835357,-1.30480559649815
27.456279929704,1.12412120988915,-0.825358541148543
27.5167605289778,1.42527945381388,-0.554216868634783
27.5753119390659,1.71436731535927,-0.365892466853654
27.6320856568819,1.94834625395057,-0.202235924996892
27.6874901645308,2.07757450120086,-0.0606658968386466
27.7421288513025,2.08012980240142,0.052817232288974
27.7966803436777,1.96322650353404,0.153550958447535
27.8517725294635,1.75692073247802,0.251154022624668
27.9078883268127,1.50076628600564,0.355761785791356
27.9653191278343,1.2300009948776,0.481631023208901
28.0241631094042,0.969037771370752,0.651292836862493
28.0843545986859,0.731911615235385,0.903431827112709
28.1457094324076,0.525827840292523,1.30849503457575
28.2079751059515,0.354842104042531,1.99086871067935
28.270878761598,0.220931454386328,3.43714382453827
28.334164640845,0.123966916680873,7.66121724858793
28.3976116764162,0.0797784446437401,13.9304770841068
28.4610395782443,0.0997275387004304,7.33076883751937
28.5243102638459,0.136646254190342,3.49486245602856
28.5873264262567,0.166913669624536,2.22115372252097
28.6500282932081,0.186146889283007,1.72731634712968
28.712389283536,0.193633302333258,1.51931482428441
28.7744110482783,0.189372161890769,1.44408454294433
28.8361182482662,0.173468085863535,1.45642069220239
28.8975533353084,0.146422068245146,1.7107616420791
28.9587714533168,0.110877822670452,2.67043127311636
29.0198356136211,0.0717137590958034,6.03115990715316
29.0808126504389,0.0421176134768201,16.9925918697844
29.1417699832239,0.053208339255346,10.3684349952934
29.2027728484842,0.0875320906887384,3.66811875912194
29.2638815586039,0.12029598670514,1.80945660299569
29.3251483415723,0.144079355333635,1.14275278768149
29.3866134061856,0.15484904605088,0.882037057697643
29.4483000533928,0.149447734285225,0.857863016354776
29.5102089923878,0.126452320965448,1.16414000481222
29.5723145596287,0.0900339760528154,2.36232286384287
29.63456747335,0.0473286214127863,8.93213400471528
29.6969012618823,0.0299867908508107,23.0125180559226
29.7592399700745,0.0707476150825152,4.17899542528544
29.8215065183207,0.117076086931345,1.50085645646965
29.883631029638,0.156453125341913,0.805992881786969
29.9455584250934,0.183153458614056,0.556279254531874
30.0072547046713,0.19181678260997,0.486175762258645
30.0687116013848,0.176961402204949,0.582027951428134
30.1299496339027,0.135250097332441,1.10090329465685
30.1910173957018,0.072739263394616,4.28447746693121
30.251984233345,0.0223060190433385,50.0418460804265
30.3129327159801,0.0936644617685423,2.98350253538503
30.3739533731276,0.172647907581583,0.878085429809656
30.435140162336,0.240683113312807,0.430421616223949
30.4965846699132,0.289198010772275,0.273079081325761
30.5583672669741,0.310772081832397,0.212874243949066
30.6205441869533,0.298956328582382,0.212146987924854
30.683130659278,0.248072039605246,0.309315656842714
30.7460818902597,0.155542440473171,0.869679663669418
30.8092805580841,0.0313170205861249,24.7695884994
30.8725445460499,0.124990747113607,1.8469002632834
30.9356493281018,0.295684827446142,0.403652768715053
30.9983583868667,0.47948032869217,0.194561921442118
31.0604584137019,0.669355204330886,0.131635301576025
31.121795235469,0.856045650374055,0.110058987412708
31.1823052498508,1.02644427058179,0.107374814836032
31.2420358328141,1.16320386362687,0.118256526709259
31.3011473712857,1.24629133046692,0.144224943153375
31.359890623413,1.26027522730664,0.179938041915983
31.4185586687366,1.20922144690967,0.217974240810825
31.477428948875,1.10652017666407,0.260957890488299
31.5367172068122,0.968498897810757,0.311796504199898
31.5965518114278,0.811133783466141,0.373875386598005
31.6569686917778,0.647916430923614,0.449935406711873
31.717922979951,0.4892748393361,0.536247654458438
31.7793117935848,0.3430892781594,0.595474387246404
31.8410027606566,0.215610541080229,0.412578168869162
31.9028639365375,0.112397696600294,-1.44712180708944
31.9647917927757,0.0412826298623753,-18.2383343952737
32.0267296384084,0.0465962733970082,-10.4018521420522
32.0886666434857,0.0893363038098799,-0.602178364201601
32.1506276794548,0.126282535146871,0.800126096390287
32.2126610468263,0.153741036554896,0.98283728805655
32.2748249330105,0.168730371788515,0.796894045380069
32.337172751632,0.167216169055615,0.36895457332402
32.3997374240194,0.144693976526353,-0.567659674669586
32.4625149075719,0.0977718684312291,-4.15852255780105
32.5254478158306,0.046601868936349,-31.1298851474355
32.5884110763451,0.129612894695777,-5.08665019528517
32.6512093120832,0.280201167121972,-1.15490829656007
32.713599760934,0.46108293694366,-0.404225319777515
32.775329760696,0.664412158916418,-0.162077332031977
32.8361797964616,0.882887644123226,-0.0584055380508447
32.8960082258719,1.10577785311778,-0.00322522538832781
32.9547920706729,1.31636132378049,0.0334575103940567
33.0126556552764,1.491036601758,0.0644975822530977
33.0698765669979,1.60188370581618,0.0975846422672807
33.1268587465862,1.62342792896485,0.140476985686147
33.1840683788526,1.54527738435308,0.192982401952296
33.2419430839809,1.38781108394707,0.253329024533627
33.3008091442965,1.18154650564334,0.332788327947924
33.3608356704802,0.95405866169778,0.452333170410934
33.4220276859175,0.725608202285287,0.659514887834592
33.4842484979943,0.509262861725096,1.0885435665471
33.5472593570207,0.313744995315655,2.26133231262792
33.6107662952733,0.149687904248051,7.63178897019053
33.6744669902906,0.0743020946764031,23.6202977758118
33.7380929004693,0.141717799716561,5.27348744392917
33.8014433105298,0.200075382087385,2.61281577966329
33.8644026502678,0.227102219600905,2.31849326791
33.9269316772765,0.229164988185278,2.65015533422123
33.9890490433443,0.215647736083948,3.29219016364045
34.0508135950342,0.19670046058824,3.9577897065864
34.1123086879296,0.180148626799389,4.14011538828365
34.1736281339529,0.16670636752024,3.46348395789807
34.2348626556122,0.148322543621511,1.95631272206745
34.2960857095641,0.113024926058478,-1.31091807668147
34.3573383217706,0.0590225774791242,-20.4559967192564
34.4186143417571,0.0982772351565797,-10.3381312377681
34.4798549370035,0.238204619632056,-1.70619417050558
34.5409652057894,0.409617387666454,-0.401780327941638
34.6018447010585,0.596035654149704,-0.0343659923233315
34.6624228187174,0.783577014048327,0.117836198322178
34.7226925985758,0.956222339368471,0.210267939947563
34.782734775743,1.09523884005586,0.294323861165133
34.8427230659937,1.18084895427307,0.398946300110487
34.902903098438,1.1958735778646,0.557926524413445
34.9635423517002,1.1297381490279,0.839687114535606
35.0248567876007,0.985408646677207,1.35117946194104
35.0869355153573,0.791507540995081,2.3402144255821
35.1497018328675,0.585250341505764,4.55945603697725
35.2129209761227,0.425199121566477,9.00046210511432
35.2762430428298,0.417220993927262,9.65604829727115
35.3392684011681,0.581131201514424,5.1083166077084
35.4016238506656,0.819096069198401,2.59846697239857
35.4630385563722,1.06919829645093,1.48418787242812
35.5234074722864,1.29248551059384,0.914982823715455
35.5828268362391,1.45003619978547,0.563997770802484
35.6415843475457,1.50794412538899,0.334008859306354
35.7000919671543,1.46366444898044,0.180599290011442
35.7587812085542,1.33446311034215,0.0581117116944024
35.8180086469805,1.1468443627152,-0.0617146059077193
35.8779971583826,0.928353078102884,-0.210797459070427
35.9388177702954,0.701783967392601,-0.451574850926956
36.0004051028734,0.483753165991278,-0.963199188269632
36.0625942603052,0.286866654699134,-2.49920668537921
36.1251673490689,0.127548156014025,-10.5312225705409
36.1879003967478,0.0804172071316957,-19.4377745493957
36.2506039821012,0.145019854831714,-3.79249786070234
36.3131481532251,0.19230353891061,-1.15348423919709
36.3754628730588,0.209776544481505,-0.30655589669223
36.437526995971,0.200787135326815,0.200061216301433
36.4993553584005,0.170798076418518,0.763880628844809
36.5609867136106,0.126351488314524,1.86396261568326
36.6224737346181,0.0756581991344155,5.52217625346393
36.6838752645815,0.0364227628692852,22.2783202980151
36.7452502134529,0.0515785292095954,9.71446167546754
36.8066520456536,0.0831056011020797,3.35081734174115
36.868122812582,0.101216926136095,2.34919710083674
36.9296881583962,0.105021817177844,2.55892371610979
36.9913570607782,0.09838357259314,3.52553412256909
37.0531237229603,0.0871070117295682,5.33618162522909
37.1149699908188,0.0799473599467236,7.23373411041532
37.1768684116561,0.0863299907432061,6.76846365406176
37.2387859026152,0.107350291244246,4.53954000750048
37.3006878311233,0.136258227013598,2.75296141445607
37.362542206433,0.166420419116765,1.66649137359341
37.4243236336996,0.193027862156629,0.987820712794465
37.4860166532567,0.212825810113864,0.568625175345365
37.5476173618571,0.22529529473463,0.317153675818622
37.6091321039361,0.230867577491471,0.147704138792798
37.6705750475354,0.230188205279268,0.0211306355897874
37.7319657452561,0.224029149645006,-0.0824923253825847
37.793326851469,0.213246751246975,-0.174173370080235
37.8546820883064,0.198752351714376,-0.260145192102178
37.9160545126791,0.181485502906525,-0.343314002565669
37.9774651002211,0.162386621125778,-0.42303324159567
38.0389316311684,0.142367666956903,-0.493099465168534
38.1004678416088,0.122309286511522,-0.601265357772158
38.1620828486999,0.103163173536509,-0.835370830156951
38.2237808962818,0.0859442747912142,-1.25186486088607
38.2855612684817,0.0717769837416527,-1.87428810370579
38.3474182550532,0.0620091125136998,-2.53306389999485
38.4093411253765,0.0582214448671291,-2.69759815018176
38.4713140947395,0.0618079533537319,-1.97189021475203
38.5333162997978,0.0734590463105111,-0.848621351202895
38.5953218425156,0.0935003538363635,0.00556265804759182
38.6573000139577,0.122554248349189,0.446226202878449
38.7192158952615,0.161033098929915,0.556053022550086
38.7810321271923,0.206985865306624,0.506178027555269
38.8427127550734,0.257761746110578,0.422734217325322
38.9042278877603,0.310573908645824,0.344584921911844
38.9655582060383,0.362453448183092,0.279939804662504
39.0266988278812,0.410217198518835,0.228062283953862
39.0876619927131,0.450474398560778,0.186201071125378
39.1484780277314,0.479691787711175,0.151515794506575
39.2091941494443,0.49432091406273,0.121387147239037
39.269870850687,0.490968987071928,0.0931039046958618
39.330575923698,0.467689024804155,0.070007190416723
39.3913765196377,0.427403223617265,0.0542774083173501
39.4523310451506,0.374406518141,0.0426609584811903
39.5134835410185,0.313046740803759,0.0329715565942633
39.574861173757,0.247587422374076,0.0229158641633068
39.6364744492148,0.182208955949086,0.00817806832830416
39.6983194511918,0.121304775485558,-0.0239530124504955
39.7603812714228,0.0708266077260591,-0.119898310121031
39.8226377925278,0.0435067372384126,-0.296325439166006
39.8850630880507,0.0485279927309745,-0.114895345574649
39.9476298655819,0.0593369307515281,0.0392329143998501
40.0103099298799,0.0634088894838964,0.110316491440266
40.0730717189199,0.0621802074554053,0.137016007853451
40.1358768328927,0.06029100048189,0.086018510252075
40.1986767375158,0.0639594640085401,-0.0650831388888345
40.2614097916031,0.079045616609702,-0.199617496609662
40.3239986294586,0.109042712329814,-0.223727372856411
40.3863480222235,0.156909609804194,-0.184095796554028
40.4483436248789,0.227243050901555,-0.133553535769312
40.5098525106307,0.326534660145675,-0.0918448549445089
40.570727249281,0.460645548120485,-0.0587771397495936
40.6308183846588,0.626919529416433,-0.0350391287917014
40.6900000459914,0.819255301327254,-0.0189732362043572
40.7482026673845,1.02876473054355,-0.00734735776539727
40.8054469261694,1.24184592842535,0.00213214942800695
40.8618731685497,1.43881949153022,0.0109657757616099
40.9177580972219,1.59477759635013,0.0202394938392297
40.9735090632245,1.68410295990158,0.0309656576127673
41.029628269504,1.68796589104347,0.0445164932720565
41.0866461119444,1.60079202403145,0.063456684650311
41.1450330825907,1.43403904402229,0.0852967515851427
41.2051136104128,1.21758868949562,0.10804186456707
41.2670153953149,0.978853051975158,0.138819987919083
41.3306590211687,0.735320287323717,0.193642280258513
41.3957758479913,0.495291164621185,0.329459090436032
41.4619433897464,0.260880783411047,0.941608270968857
41.5286301452585,0.0475244660460605,25.1630804349177
41.5952451470912,0.217895913758888,1.33496713558796
41.6611900030016,0.461965690248019,0.435744431952095
41.725912618464,0.7209827389192,0.316612238862146
41.7889620196114,0.996109012973158,0.2922952894859
41.8500400258979,1.28634754842309,0.280765378554378
41.9090425968535,1.58240021791652,0.273191582604552
41.9660912476998,1.86232209190225,0.264843470269649
42.0215479683945,2.09101818207003,0.252036722831491
42.0759997705442,2.22753567370176,0.232002574416533
42.1302002681177,2.24096892988962,0.203457197863228
42.184967567113,2.12604971174577,0.166572010112625
42.2410568781145,1.90519297103398,0.121407639459965
42.299038655094,1.61493679601257,0.0643359281810478
42.3592080439915,1.29195343205007,0.000281853012800936
42.4215449791824,0.970717683193336,-0.0753886725770596
42.4857416363055,0.669750113233243,-0.213997680146675
42.5512714700849,0.3965460419762,-0.641303621651151
42.6174722195537,0.169795365371573,-3.40062985112569
42.6836310603811,0.172880068878289,-3.10940562341332
42.7490663435405,0.362620389037305,-0.667372495894341
42.8132027776621,0.546308242949423,-0.28118505986066
42.8756370135002,0.688717189150923,-0.176553435625251
42.9361895799745,0.7570990189427,-0.160791945998269
42.9949377069924,0.71705867278367,-0.218908459625409
43.0522064552017,0.566203111743918,-0.43362048749581
43.1084969024687,0.329165921508807,-1.50066946592039
43.1644065299544,0.118821893486765,-12.3029017201681
43.2205728245588,0.32808656371177,-1.55111269458538
43.2776375735562,0.588521605454146,-0.416159586996103
43.3362182658544,0.778872939653157,-0.185695869779536
43.3968698547743,0.873332670138405,-0.106510553873087
43.4600254244085,0.867234383009493,-0.0745293298650365
43.5259142905564,0.768007984931159,-0.0669118508832421
43.5944661324479,0.591573135167286,-0.0901136966310486
43.6652428904305,0.36774666236243,-0.216902687812896
43.7374612422091,0.11491999340435,-2.31616082439029
43.8100667560371,0.178504287456436,-1.0932847740299
43.8818266689947,0.506492506938536,-0.166889820410339
43.9514361752375,0.901711933601372,-0.0694146345212074
44.0176375230053,1.39706926855262,-0.0405165863093268
44.0793544998442,2.03568995318862,-0.0277348688359348
44.1358470867397,2.85658624682939,-0.0199029000008486
44.186888060924,3.84590990461049,-0.0124847704975577
44.2329405909193,4.84317383917032,-0.00446400288104285
44.2752401378675,5.51851808665721,0.00351145627961474
44.3156326283228,5.53315120713351,0.0110734374395378
44.3561433704959,4.89040580210508,0.0170700272902474
44.3984613869002,3.93544061465781,0.0211067236480436
44.4436419396189,2.99750411676374,0.0236108621993236
44.4921090429605,2.22142406308895,0.0248634346861568
44.5438159621177,1.62655855753845,0.0240830544805655
44.5984299462952,1.1886247859188,0.0182924120630287
44.6554902588342,0.879832289028615,0.00080357042396157
44.7145337917287,0.676220908073556,-0.0284334041826333
44.7751790502464,0.546097800362701,-0.0584359611179214
44.8371473082413,0.464151767934326,-0.0799296271326611
44.9002517351604,0.411871129040118,-0.0865253926653547
44.9643769137047,0.374895142178873,-0.0790286317814875
45.0294530037565,0.341683566582747,-0.0626898841035093
45.0954263191966,0.30268371347859,-0.0416809519273056
45.1622273418756,0.249660670465661,-0.0141466754450242
45.2297370792268,0.174983345111952,0.0457135241744304
45.2977529274378,0.070727160908588,0.613259221258123
45.3659562897538,0.0714408716532884,0.785572064923499
45.4338984354943,0.247917800912582,0.0536099870620647
45.5010298289418,0.460201262134423,-0.00523642608491942
45.5667517863433,0.712066346500201,-0.0270262104072951
45.6304764166112,1.00987467733219,-0.0436780334370683
45.6916941939645,1.35949392324801,-0.0626264579129894
45.7500485565689,1.76036325582454,-0.088245437033509
45.8054143480083,2.1947993393437,-0.125204234338135
45.8579700788117,2.61373115012183,-0.179525478601741
45.9082411446643,2.92987487708145,-0.259352726914489
45.9570765616694,3.04651945855117,-0.3524686389438
46.0055243577096,2.93164783090677,-0.43745929717687
46.0546314395945,2.63053065097549,-0.513261245354012
46.1052600873626,2.23020157639656,-0.583865728908107
46.157984274129,1.81106792443244,-0.657325212120606
46.2130726635356,1.42269082323691,-0.742918717030072
46.2705293771353,1.08601054880968,-0.848181082230423
46.3301594005699,0.804781080128574,-0.972955875333687
46.3916371846851,0.575102829366426,-1.08912548897907
46.4545685962549,0.390559280160066,-1.06412183724915
46.5185429758998,0.242883950715191,-0.668454348667013
46.5831704824438,0.121105657294798,1.25498369393409
46.6480984197722,0.0340565639228691,31.6508330694265
46.713017406776,0.099937157367753,2.95175170223674
46.7776652363344,0.194180835616593,0.128943860497733
46.8418302291631,0.288081688947108,-0.383080583203062
46.9053546128457,0.380182040730706,-0.526552106340324
46.968137663339,0.468293959870466,-0.563388282634421
47.0301377318825,0.548626359921708,-0.560949910471234
47.0913718319233,0.615821036370391,-0.543184175522065
47.151911250745,0.664411327180629,-0.537292606874926
47.2118721369195,0.693033449610705,-0.552859847820674
47.2714024381211,0.702093913962236,-0.581152616796616
47.3306677697117,0.692918533379103,-0.616932207931085
47.3898376663821,0.66772465913533,-0.656169934668754
47.4490732514083,0.62940381352895,-0.694825410836091
47.5085170803616,0.5811814847657,-0.727827820014236
47.5682855470785,0.526246315880197,-0.747784563994205
47.6284638597873,0.467429982405561,-0.742872990731602
47.6891032851344,0.406989054204769,-0.692791777197165
47.7502202123364,0.346458728008727,-0.618484340158001
47.8117976248408,0.286683149756805,-0.563403815089414
47.8737902195537,0.228326503630341,-0.533459226761031
47.936130875855,0.172004250572467,-0.546515363615627
47.9987371496441,0.118354266254387,-0.666655080858268
48.0615176579547,0.0682540336669903,-1.23314231907946
48.1243782850718,0.0248392682691899,-6.76283379644317
48.1872281516581,0.028096742490063,-4.63746204228161
48.2499852936019,0.0625711957900688,-0.872501247593315
48.312582000178,0.092682505745841,-0.319835801785594
48.3749696982076,0.115983921126289,-0.129286060748566
48.4371216792193,0.133410075751483,-0.0548574392951617
48.4990310847608,0.146584175766287,-0.0269336073463825
48.5607070463409,0.157225018960261,-0.027007650402161
48.6221708048552,0.167107771958028,-0.0486165375010692
48.683451972354,0.178002747922067,-0.0867210865997729
48.7445850113193,0.191599547857785,-0.133867787554093
48.8056060012438,0.209455311925381,-0.180220186484917
48.8665497729152,0.23300585559639,-0.216342880296373
48.927447519107,0.26364181018376,-0.236346223850729
48.9883250839458,0.301960697089621,-0.226881032756567
49.0492032087051,0.345254316181526,-0.195011677442893
49.11010110069,0.389961824658757,-0.158401962885452
49.1710405909176,0.432464340793292,-0.124214527802264
49.2320491312966,0.469095182618289,-0.0941986049472313
49.2931610570304,0.496200896495604,-0.0677573388279589
49.3544166451318,0.510241662792911,-0.0432324155412472
49.4158586703724,0.507907493708941,-0.0180641931786715
49.4775264419502,0.48620979403956,0.0120918731196548
49.5394476798983,0.442497517035656,0.0565136258417925
49.6016290692343,0.37574100232017,0.128086692752662
49.664047985,0.290362510089503,0.267856913014474
49.7266499300152,0.191751125153174,0.685692237973165
49.7893521363824,0.0857971446849963,3.61405784250547
49.8520518476719,0.0415632324192382,15.839952064404
49.9146379367227,0.149172975073444,1.26242805474171
49.9770043207875,0.260588892581244,0.433515627104624
50.0390635167826,0.365888723357807,0.240250052526619
50.1007586058108,0.459510593117624,0.176138843609095
50.1620718535348,0.535336006691171,0.159194393069262
50.2230282913052,0.587968741524455,0.161133694173694
50.2836919858682,0.617378859134247,0.167256612477187
50.3441546437354,0.625398868478282,0.174488110585108
50.4045219237333,0.614544192329748,0.180381359301105
50.4649006074603,0.587967024090665,0.18201376941961
50.5253877902208,0.549259792928024,0.175060296701884
50.5860627610893,0.502193938675506,0.152560884590218
50.6469817912337,0.450480172882144,0.103074061232338
50.7081756619704,0.397616373753201,0.00812315977419941
50.7696494941522,0.346868530961097,-0.160126071531609
50.831384339572,0.300839946624532,-0.390445627426238
50.8933406558721,0.259925530154271,-0.648727966810731
50.9554639459535,0.224035111603791,-0.93191849424777
51.0176906490409,0.193067894270823,-1.22997209167445
51.0799534938595,0.166744139565883,-1.52606596293895
51.1421863772077,0.144401164007774,-1.80827014864149
51.2043288466697,0.124860112842335,-2.10056556118033
51.266330260156,0.106549136239513,-2.51944862877216
51.3281537037726,0.0881679640805261,-3.38879748315561
51.3897797757952,0.0707357194357123,-5.41534628962739
51.4512103097872,0.0636418069925422,-7.57280240750604
51.5124702511906,0.0814598594321164,-5.30572189991927
51.5736046979074,0.118060201589124,-2.82963298242543
51.634674237581,0.161193400590555,-1.62762203985243
51.6957502161326,0.203565298240525,-1.03646225916238
51.7569095610677,0.240277326392133,-0.709318327187563
51.8182287254844,0.267399195007607,-0.506457617817998
51.879776428604,0.281599175054207,-0.365893838151545
51.9416050536143,0.280054976877051,-0.253960361001163
52.0037407994441,0.260397392522152,-0.142253870806005
52.0661730948897,0.222016787890205,-0.0200966558625814
52.1288478530238,0.170023782298486,0.153851632687225
52.1916721873046,0.111580427412032,0.604642056558484
52.2545253939134,0.0607051940356478,2.40507691106151
52.3172719794434,0.0630434720423848,2.21997207063659
52.3797757765186,0.110444477603842,0.619466603183064
52.4419142597189,0.157702873341687,0.201266269216448
52.5035922103102,0.191293392377963,0.0253038042965773
52.5647540297999,0.203050395801295,-0.123561874152828
52.6253943138313,0.185267142948471,-0.395750973822163
52.685566601207,0.133573014630208,-1.27846494385793
52.7453852527969,0.0611274225209244,-8.05073929171522
52.8050129377584,0.0729618697909283,-6.51402523946721
52.8646450477246,0.173469353836959,-1.20518717217793
52.9244963609208,0.275436596317491,-0.461959356928249
52.984788042202,0.361667094336424,-0.242514582273999
53.0457323990614,0.421135308960707,-0.154098634647869
53.1075132528032,0.445690742696087,-0.115781050327851
53.170260951987,0.42980123003191,-0.106747287181195
53.2340226155193,0.369859803637202,-0.133442517409557
53.2987301451989,0.265855640012314,-0.268504588160475
53.3641795537388,0.128702914830335,-1.27645933036902
53.4300428163024,0.0515743795788965,-9.02001991385695
53.4958995802267,0.230641193174259,-0.506265368847074
53.5612778509406,0.437995295866049,-0.152011539840863
53.6257012687639,0.666418336445985,-0.0655915427481445
53.6887408561449,0.914084651586817,-0.0282825424610584
53.7500685304679,1.17532352103682,-0.00468552229500345
53.8095080085375,1.43641787909467,0.0159853392054062
53.8670755550312,1.67192056173449,0.039281994391961
53.9229985812217,1.84799695404431,0.0631415256132248
53.9776949337837,1.94147021218895,0.083695074032742
54.0317083754757,1.94163779829644,0.101600413982046
54.0856248199916,1.85335981339198,0.116696102722358
54.139990984103,1.69594277337501,0.128634394725027
54.1952514145677,1.49577028718267,0.136896160065792
54.2517129718559,1.2780303839829,0.140244831760914
54.3095365975814,1.06182277589188,0.13549818686997
54.3687498176541,0.859253781691123,0.114997480076642
54.4292717092063,0.676897261053351,0.0609641439709682
54.490943375779,0.517140426309519,-0.0367676050421377
54.5535576193878,0.377912079114879,-0.196406410635846
54.6168819342806,0.256601020102783,-0.530172959104971
54.6806760582339,0.151752525914952,-1.53618111348382
54.7447061647451,0.0669175142412043,-7.26490923784988
54.8087564043101,0.0515218120260886,-10.7089281400765
54.8726382627553,0.106902903956221,-2.15522073175505
54.9361980479326,0.159464141735624,-0.887393121154989
54.9993227027702,0.199313578756317,-0.596410510004353
55.0619440835953,0.223354934117876,-0.592535738622291
55.1240417454166,0.229847533411103,-0.731349693437731
55.1856419281008,0.220507223461061,-0.976592026886537
55.2468092953032,0.19848343002332,-1.39231809169696
55.3076363243144,0.16793668865951,-2.116590662888
55.3682333071189,0.134614601232199,-3.3873077457043
55.428719184206,0.106852990853137,-5.241678742101
55.4892131337482,0.094845766438696,-6.1845583238291
55.5498266841777,0.101285363690904,-4.85796102998393
55.6106560294056,0.115820304569682,-3.27574618532341
55.6717742183363,0.127017377526985,-2.4580793786196
55.733223089215,0.129112463706252,-2.35007077903916
55.7950079813309,0.123962740566761,-2.7458720764112
55.857100482582,0.116891638847471,-3.43358936265354
55.9194446389693,0.114956942234908,-3.91550115768104
55.9819636743255,0.124430625383925,-3.56546392678253
56.0445671042384,0.14670100102053,-2.59242734091411
56.107158175831,0.178548309415346,-1.62516223095025
56.1696415223464,0.215817978607263,-0.884487692502114
56.2319309036263,0.255205115734947,-0.328579333790725
56.2939569053053,0.294345427169899,0.123459979191001
56.3556744089278,0.331674446534138,0.445055235336269
56.417067731433,0.366295542409369,0.622407262128809
56.4781500760261,0.397446046440769,0.709544819703184
56.5389603552215,0.424133203345144,0.736118586008697
56.5995592420444,0.445042567245266,0.720047058022824
56.6600243584081,0.458586853099763,0.67272327575477
56.720444461434,0.463029045138827,0.600861278510089
56.7809125743687,0.456631539702199,0.506535589118474
56.8415181376024,0.437788830816674,0.385403879545803
56.9023384085809,0.405110250846442,0.221081148483666
56.9634295599251,0.358291596703461,0.0294163018577771
57.0248197172622,0.300572983236073,-0.184116675672479
57.0865077976968,0.23595040017798,-0.499013332939755
57.1484664804323,0.168270930113649,-1.13978365474861
57.2106473763219,0.10170338079673,-3.12818395603036
57.2729876247951,0.0450661482487889,-14.7318395403868
57.335417151136,0.0455242430910911,-12.8206219042432
57.3978658458962,0.0887692246693941,-3.01371418874151
57.4602700179777,0.126380096709045,-1.429727653301
57.5225776192688,0.150137805538118,-1.1197357921296
57.5847519076337,0.157053814284054,-1.22852281968157
57.6467724563926,0.14939911179159,-1.59161033181335
57.7086324976898,0.131051640607991,-2.32011522251647
57.7703355821028,0.106753526784563,-3.73407256136127
57.8318931479188,0.0831951791186691,-6.25928821487743
57.8933230287628,0.0702406436135587,-8.56549588043561
57.9546486336649,0.0747458683498406,-7.14865812002843
58.0158983869412,0.0894642598779467,-4.67532172375437
58.0771049752185,0.102849811611145,-3.42628490667503
58.138304021597,0.107635541215333,-3.31365795321453
58.1995319985072,0.101600350173599,-4.25368823489901
58.2608236132903,0.0910381129784499,-6.0046217126442
58.3222095301541,0.0863627264029183,-7.26428988045697
58.3837149701528,0.0953019411100587,-6.18169738039524
58.4453590524957,0.114846252046972,-4.20003547381489
58.5071544418691,0.136161439451481,-2.8247986759392
58.5691067447306,0.151562256454744,-2.09551284963834
58.6312131392428,0.155245394300906,-1.83941872265155
58.6934599220678,0.142619831968196,-2.12063713835089
58.7558190009991,0.110417563847477,-3.87675981009396
58.8182439062772,0.0636721727706944,-14.2133961622541
58.8806679655191,0.0670220127234702,-15.8607608521135
58.9430088020239,0.148346353177102,-3.90315252211831
59.0051777289123,0.250531135932913,-1.5873556329974
59.0670918935631,0.359491692190537,-0.855539323690858
59.128687608753,0.467881130461337,-0.532965044607877
59.1899328656637,0.568541316312272,-0.358182379359697
59.2508366959805,0.653601218419904,-0.247600545091848
59.3114529646425,0.714529447880758,-0.166679276323851
59.3718764990965,0.742702424579533,-0.0967032928082736
59.4322303847133,0.732420778748552,-0.0384514404954107
59.4926453210765,0.688047947078499,0.00680999198822459
59.553237283432,0.617301630476242,0.0487507269557089
59.614091082247,0.52831490167791,0.0951591347619672
59.6752520827225,0.428911494368672,0.156239219897839
59.7367256496912,0.326185137856379,0.251820009881445
59.7984827275318,0.226431399710143,0.434331305402802
59.8604694228666,0.135365653470525,0.903423905869992
59.9226183928807,0.0586867862592494,3.16793294085679
59.9848600953293,0.012243940746871,43.8911707375107
60.0471323682293,0.0384420784493228,3.37742047183708
60.109386220241,0.0541549771631717,1.8903367774182
60.1715859851687,0.0561765982267591,2.16447998636322
60.2337070972319,0.0496415160940198,3.1915804171463
60.2957337560232,0.0409606875742138,4.80812540254161
60.3576569386426,0.0369363271611363,5.33248403121153
60.4194727643145,0.0387690950565297,3.83776632978005
60.4811809954936,0.0398009946929277,2.7093743119273
60.54278341841,0.0342172091691164,3.48506184981388
60.6042819893833,0.0307829519063812,7.25756508711476
60.6656769781307,0.0639897629960267,3.21045492714771
60.7269661526375,0.126142388956073,1.31276032067483
60.7881464621757,0.203597668963162,0.689925804205051
60.8492179229592,0.289420623429721,0.415670437426082
60.9101887666284,0.377682309242506,0.267293999629866
60.9710806681508,0.462457331094371,0.173823655958999
61.0319325384922,0.537660424178854,0.106414336792591
61.0928012578094,0.597159173998857,0.0504355598650124
61.1537578919918,0.635070410653132,-0.00403325952426818
61.2148784181348,0.646150620914396,-0.0672406776460781
61.2762288826891,0.627791123026288,-0.135805445156722
61.3378488625696,0.584791666303547,-0.206352914176038
61.3997419254648,0.523599433802099,-0.292029718818474
61.4618733276457,0.450239503431635,-0.410651416948743
61.5241731363262,0.370215411684297,-0.594331370200777
61.5865441019494,0.288743493431104,-0.911231761167009
61.6488732889625,0.211497026585852,-1.51956706636226
61.711046330023,0.146453659086305,-2.73586583879717
61.7729631792087,0.107075535832017,-4.32439059589848
61.8345543169801,0.10395704451791,-3.94949574795297
61.8957962584802,0.121392528289951,-2.76412593264721
61.9567204904965,0.142707895591638,-2.11128130461851
62.0174073725925,0.162711333541934,-1.7740225868386
62.0779734121079,0.180276249844028,-1.55230097633697
62.1385573699189,0.194675666312113,-1.36767649855524
62.1993057301192,0.204505060343399,-1.20361530311423
62.2603578498143,0.207666292508436,-1.06885521453531
62.3218310840219,0.201723901736252,-0.983509152466292
62.3838061399159,0.184283901034298,-0.98816028813826
62.4463128591222,0.153338010946129,-1.20774858157062
62.5093168423434,0.109788331393813,-2.19039647622727
62.5727137735059,0.0689467694398188,-5.67395231167456
62.6363423549372,0.0759656723607166,-4.97443739932445
62.7000049413059,0.130488677852254,-1.80428359132375
62.7634886344106,0.194830117384268,-0.855096710930165
62.8265859734154,0.255588799049604,-0.513579851405477
62.8891146231858,0.305098942555939,-0.363012759009377
62.9509355062264,0.335713728035471,-0.294662502036865
63.0119689597798,0.338655050187149,-0.281232133955002
63.0722088222584,0.303996269886847,-0.347006116778642
63.1317346120664,0.22483973661801,-0.681480742993367
63.1907142005276,0.111019246796084,-3.14020830410989
63.2493854696397,0.0599177027213038,-11.919397691633
63.3080338799206,0.197267173042097,-1.15355081489711
63.366973662191,0.337455396900606,-0.385445573371625
63.4265294321983,0.453535220067684,-0.193202405381663
63.4870141932685,0.531375054333772,-0.118068644757025
63.548700658794,0.561960816249848,-0.0827173478848101
63.6117848841271,0.540900658240676,-0.0667108003670188
63.6763435839038,0.466920778510328,-0.0668522210991919
63.7422890120869,0.342796312614367,-0.106362176605074
63.8093402357873,0.182092127896856,-0.386293401518259
63.8770396654415,0.0315611237054838,-14.2888154834828
63.9447956349767,0.227626544921603,-0.306302154306191
64.0119355152688,0.469267556033203,-0.0754818703011194
64.0777668343532,0.743932527207366,-0.0258005371268127
64.1416450260274,1.05671573936582,-0.00335135446133497
64.2030464702087,1.40953058399622,0.0133582379142359
64.2616439932457,1.79354374689384,0.0312921369151186
64.3173775373355,2.17846390644462,0.0550990371349903
64.3705036027498,2.50822222199028,0.0814542829669515
64.4215918747995,2.72439664003921,0.103948358392122
64.4714473313157,2.78138312449425,0.121129154314363
64.5209819281166,2.66980477690346,0.130851441572424
64.5710707891698,2.42398536387,0.13148718799166
64.6224328400652,2.10217484397555,0.121762956047912
64.6755642504049,1.75929716539181,0.0992827440531206
64.7307268007829,1.43225461116404,0.0581024890637667
64.7879746734452,1.13957598994041,-0.0151345553233871
64.8472001811824,0.887453576715424,-0.148623982562998
64.9081846084629,0.675045406121939,-0.359193346828432
64.9706439260332,0.496336233405802,-0.682793767833304
65.0342609861312,0.345743482936654,-1.2877424902078
65.0987083050084,0.220411615788805,-2.73403335577133
65.1636656768413,0.124490046901254,-7.18597497710826
65.2288338621306,0.087694150519919,-12.1961090741151
65.2939450675941,0.125524002348719,-5.32075212166808
65.3587706612693,0.179425424366493,-2.66593783141791
65.4231264413014,0.225598093774843,-2.07029676072434
65.4868758108926,0.259732601221214,-2.21938934367567
65.5499313458626,0.284199241988151,-2.66586560750305
65.6122538084409,0.307853461707229,-3.05633615900114
65.6738470742363,0.340222497697986,-3.17021967191568
65.7347532073759,0.38702469692937,-2.9385729240454
65.7950494762378,0.447794909215652,-2.50042212693137
65.8548463807553,0.516758319054804,-2.03282536194901
65.9142851124351,0.585308158733001,-1.62987071644427
65.9735325743756,0.644041200999681,-1.31426428279859
66.0327721836752,0.684067194091624,-1.07921036831284
66.092189230226,0.697912578650347,-0.912938152243105
66.1519506747268,0.681718953175683,-0.822284785651486
66.2121843230404,0.639946338046928,-0.799881224216342
66.2729676402595,0.579324360842541,-0.831731910062737
66.3343247052977,0.506285262493523,-0.918864013868548
66.3962284372805,0.426494621269122,-1.07651852752294
66.4586073119377,0.344760538219808,-1.34123245941922
66.5213555143954,0.265238365153519,-1.79181538761644
66.5843453865999,0.191908839289506,-2.60267565154031
66.6474411241237,0.129541632126541,-4.14334860187455
66.7105128552997,0.085781515169167,-6.61608989218751
66.7734503094285,0.0717599119721148,-7.42094783254667
66.836172324756,0.0884733098983398,-4.99992650505396
66.8986268339196,0.121102340405072,-3.29583317318056
66.9607870106179,0.160938107134057,-2.42113223660266
67.0226472500245,0.205348446119512,-1.87233886146142
67.0842192680985,0.253044372650593,-1.45991961813968
67.1455283075177,0.302691181315538,-1.11854978780647
67.2066093163467,0.352710401564409,-0.820456262698211
67.2675028903174,0.401400775915473,-0.548980389087525
67.3282507457716,0.447152234904173,-0.2908123079202
67.3888906134521,0.48865624094076,-0.0847283584882144
67.4494527458156,0.524910951697649,0.0467338450533788
67.5099617086967,0.555110719332423,0.128790984244834
67.5704397518338,0.578453887963446,0.176569256159717
67.6309094271429,0.594042834820675,0.199252510204275
67.6913953334867,0.600861546754603,0.20225106576735
67.7519249691372,0.597797481772123,0.18818694111086
67.8125287105645,0.58368786592522,0.157021476717303
67.8732390030275,0.557377004969524,0.105194934107743
67.9340889441741,0.517777399558677,0.022873622683974
67.9951105092495,0.464623788091885,-0.0821203966496943
68.0563316208193,0.400584390084325,-0.203296464576279
68.1177712711009,0.329124806447296,-0.371814999039796
68.1794360301756,0.253708590198169,-0.659588084028976
68.2413191318125,0.177871191871495,-1.29221417453546
68.3034015478232,0.106003803975379,-3.30851797137718
68.365654274367,0.0500876848798961,-13.0959711509401
68.4280410221199,0.0578040236847052,-8.78805058017546
68.4905205501764,0.10272552548621,-2.66641475292902
68.5530479977102,0.142729624318942,-1.50529165369073
68.6155747984262,0.171112267199283,-1.23774203929873
68.6780483866433,0.18833025275788,-1.18679844295041
68.7404143600987,0.195856894566567,-1.22664891962989
68.8026196489177,0.194976795482289,-1.32506869473608
68.8646157653734,0.186689976948753,-1.48380756255047
68.9263623351245,0.17170176523829,-1.73617186427918
68.9878310551091,0.150523526979242,-2.18065726921659
69.0490101513486,0.123899405289988,-3.1032305662832
69.1099093710348,0.0945033226013551,-5.35953191839575
69.1705655325728,0.0738478780546696,-9.69249162467246
69.2310485094324,0.0895472252023298,-7.78603935407766
69.2914637010716,0.140179655009158,-3.65245666183767
69.3519445075673,0.200821529382045,-1.93319930031746
69.4126406001974,0.257169736443009,-1.20100095268254
69.4737049874421,0.300180566683533,-0.84468734673765
69.5352791282039,0.323030587608107,-0.664655845737792
69.5974756053048,0.320503355814959,-0.598390117265248
69.6603584974633,0.288703849266114,-0.662458671626334
69.7239222879591,0.224698992483988,-1.05936499951127
69.7880708238886,0.127296159902927,-3.66412827565812
69.8525988439393,0.056460727092976,-23.0540087697824
69.917187689581,0.208557546304562,-2.13606629006147
69.9814322393484,0.414822412836155,-0.679187654099086
70.0448862316693,0.654877741385712,-0.338303668516933
70.1071163748734,0.927775479841613,-0.204819439127109
70.1677633083394,1.23123666544698,-0.135843931025387
70.2266065472633,1.5557909856721,-0.0918777537376156
70.2836273071509,1.87835362930765,-0.0577277170667617
70.3390570553514,2.15779427913753,-0.0258570910784743
70.3933919004203,2.33938713270003,0.00844438125998672
70.4473495068384,2.37733905739352,0.0418711198934179
70.5017586193259,2.26944437949004,0.0707143528992498
70.5574132286328,2.04959685304604,0.0978784075235356
70.6149462646733,1.76643910648862,0.127091855029629
70.6747531610706,1.4630621357438,0.164408688045159
70.7369677117465,1.16719339690512,0.221237482665994
70.8014759415042,0.891686154798461,0.323725708147124
70.8679507640212,0.639434613662403,0.548487218676794
70.9358949284274,0.409220253941543,1.21042900945928
71.0046855299476,0.208536689927925,4.42839672273021
