s,curvature,torsion
0,0.376011412672416,0.0593673650810396
0.0681740432415171,0.379174351933128,0.062343656865426
0.135624730595327,0.381872854052984,0.0654166699099839
0.202397639604419,0.384085532900068,0.0685848467065299
0.26853790332761,0.385794158657038,0.0718464450212992
0.334090128122733,0.386983987953983,0.0751996023827937
0.399098311043093,0.387644037455631,0.0786424091014315
0.463605757631921,0.387767291666021,0.0821729884903149
0.52765500091691,0.387350837792304,0.0857895826824432
0.591287722406771,0.386395922983497,0.089490642232616
0.654544675873642,0.384907931997957,0.0932749175656524
0.717465614662528,0.38289615706186,0.0971347397340854
0.780089223029218,0.38037322703685,0.101062691053922
0.842453051704884,0.377355242681311,0.105058741596205
0.904593458344056,0.373861610453361,0.109123689867952
0.966545553467977,0.369914698979396,0.113259254564465
1.02834315229097,0.365539456016577,0.117468158996861
1.09001873271327,0.360762997816737,0.121754207890572
1.15160339966455,0.355614182975342,0.126122356675582
1.2131268558842,0.350123182499903,0.130578773786408
1.27461737913084,0.344321057023219,0.135130896839921
1.33610180569294,0.338239139267952,0.139769354027632
1.39760551917929,0.331908028001076,0.144485956038285
1.4591524428409,0.325357895091522,0.149292236785652
1.5207650362347,0.318618395048282,0.154201574766291
1.58246429669738,0.311718398699757,0.159229271585486
1.64426976531948,0.304685766473132,0.164392639674781
1.70619953705092,0.297547161932017,0.169711102448644
1.76827027455122,0.290327905079603,0.175206310119431
1.83049722538867,0.283051863983956,0.180902274296871
1.89289424219146,0.275741382541238,0.18682552433423
1.95547380530937,0.268417157594032,0.192975045208367
2.01824704634048,0.261097986949258,0.199350781697093
2.08122377011268,0.253801052629494,0.205985054538328
2.14441247677009,0.246542043780685,0.212913533983121
2.20782038491257,0.239335213954716,0.220175526723331
2.27145345555412,0.232193456646883,0.227814298347455
2.33531641663851,0.225128396720456,0.235877430291667
2.39941278787402,0.218150495706472,0.244417207701611
2.46374490567295,0.211269169375521,0.253491030871173
2.52831394800524,0.204492916426453,0.263161837470763
2.59311995901177,0.197829743155667,0.273475975818527
2.65816187357915,0.191288135430045,0.284476597567425
2.72343754243643,0.184876298703855,0.296229153760761
2.78894375731924,0.17860202683813,0.308802633246002
2.85467627578328,0.172472875664822,0.322268857845125
2.9206298455375,0.166496348352215,0.336701316911554
2.98679822819797,0.160680093495861,0.352173366497485
3.05317422238013,0.155032116925773,0.368755568265043
3.11974968606259,0.149561008057177,0.386511886096187
3.18651555816982,0.144276181111162,0.405494398667702
3.25346187932986,0.139188333077041,0.425674317197503
3.32057781168344,0.134310274675122,0.446973195807966
3.38785165764989,0.129656509951987,0.46931944645652
3.4552708779106,0.125243270882587,0.492581010756564
3.52282210870305,0.121088743194663,0.516548312165871
3.5904911783974,0.11721325040338,0.540915995633718
3.6582631233309,0.113639368923174,0.565265383674383
3.72612220288386,0.110391940710437,0.589050825037009
3.79405191378743,0.107497945479306,0.611594489998637
3.86203500366092,0.104986194758245,0.632095279967003
3.93005348396493,0.102887149197903,0.649670639001333
3.99808864697052,0.101232866345868,0.663367710052999
4.06612109419331,0.100054446285171,0.672248542329539
4.13413076911419,0.0993803946309302,0.675520955969969
4.20209698964151,0.0992353981782368,0.672643412109135
4.26999848014081,0.0996392782352366,0.66340993472224
4.33781340304672,0.100606285249238,0.647993741951495
4.40551939007801,0.102144857431264,0.626936581260234
4.47309357308248,0.104257892209843,0.601084619426496
4.540512614544,0.106943492594454,0.57148572575164
4.6077527379699,0.110195796528658,0.539378132002439
4.67478976271887,0.114005214880957,0.505963673623829
4.74159915056284,0.118360240617354,0.472218623650951
4.80815605685015,0.12324900063734,0.43895306618373
4.87443538183874,0.128660412845205,0.406791218809666
4.94041182210335,0.134585117915534,0.376176409432764
5.00605992210579,0.141016179612094,0.347391778377609
5.07135412602292,0.147949575665372,0.320588565616217
5.13626882993245,0.155384515870517,0.295815914275806
5.20077843446315,0.163323628280165,0.273048402531835
5.26485739815387,0.171772484666087,0.252265663782668
5.3284802949217,0.180737806582666,0.233412695620039
5.39162188095347,0.19022892775052,0.216357492417932
5.45425716579782,0.200258260503854,0.200959045669776
5.51636148448124,0.210841202766403,0.187075308978275
5.57791057065039,0.221996031964653,0.174568477392125
5.63888063087977,0.233743790122792,0.163308263968721
5.6992484202867,0.246108160766967,0.153173735050755
5.75899131959952,0.259115335329972,0.144054143128231
5.81808741382674,0.27279386428496,0.135849087622918
5.87651557276621,0.287174038796046,0.128550262902008
5.93425553574321,0.302286242781827,0.122154161054994
5.99128800427359,0.318161830787995,0.116583582846708
6.04759473914461,0.334833164601145,0.111771907022185
6.1031586597784,0.352333143147526,0.107662341703152
6.15796394588574,0.370694631594569,0.104207203873133
6.2119961414758,0.389949767874168,0.101367257250213
6.2652422612458,0.410129122368127,0.0991111256409491
6.31769089931884,0.431260684211021,0.0974147899590088
6.36933234022805,0.45336864582488,0.0962611711584108
6.42015867184865,0.476472782416438,0.0956738054246405
6.470163897322,0.500589575964177,0.0956815268855631
6.51934404144322,0.525728437021009,0.0962856434009205
6.56769725547631,0.551888835680823,0.0974945192203833
6.61522392245269,0.579057869726414,0.0993233818379057
6.66192676219204,0.607207518242041,0.101794182353026
6.70781093492461,0.636291591940046,0.104935490086297
6.75288414210218,0.666242415229562,0.108782401169538
6.79715672265152,0.696967306811236,0.113376439985402
6.84064174255277,0.728344966066221,0.118765432037456
6.88335507505383,0.760224060248768,0.124946958989703
6.92531546448229,0.792427221896483,0.131913599515696
6.96654456436711,0.824743496937323,0.139712338904192
7.00706695392849,0.856924712259244,0.148392282761556
7.04691013362996,0.888684921756273,0.158003837292967
7.08610449610499,0.919701362574877,0.168597822690786
7.12468326853014,0.949617286123999,0.180224561790177
7.16268242262952,0.978046983235075,0.192933007949595
7.20014054883709,1.00458322553647,0.206769998518908
7.23709869175455,1.02880718975461,0.221779740469844
7.27360014465104,1.05030884071584,0.237692990037608
7.30969019532664,1.0687272484617,0.254174326762994
7.3454158162484,1.08374399092813,0.271158087252013
7.3808253185107,1.09508936279884,0.288568688620888
7.41596798291809,1.1025549792911,0.306322872357327
7.45089367486238,1.10600415296795,0.324332433824938
7.48565245051734,1.10537915397917,0.342507263930582
7.52029416269189,1.10070469962006,0.360758483184534
7.55486807506246,1.09208734713752,0.379001425163223
7.58942249339935,1.07971083980208,0.397158230670582
7.62400442178469,1.06382584508781,0.415053384784195
7.65865925005987,1.04473285528285,0.432529592485403
7.69343047612194,1.02277520048793,0.449554467850876
7.72835946698881,0.998327281063427,0.466110986269012
7.76348526153318,0.971780802439317,0.482196382610743
7.79884441582664,0.943531826285675,0.497820336044019
7.83447089053987,0.913969297181109,0.513002600230688
7.870395978579,0.883465481329828,0.527770246190835
7.90664827013112,0.852368531809375,0.542154675946298
7.94325365156436,0.820997198889238,0.556188543653549
7.98023533422101,0.789642438533085,0.569415388292909
8.0176139103957,0.758578692294144,0.581307185026688
8.05540743630673,0.728045761819572,0.591779156886348
8.09363153794743,0.698244380867116,0.600733513084465
8.13229953427537,0.669338135817184,0.60805930636058
8.17142257321062,0.641456067034921,0.613633364820015
8.21100977642615,0.614695668340284,0.617322352830105
8.2510683894111,0.589126059537209,0.618985954694457
8.29160393378113,0.564791164069679,0.618481098959611
8.33262035927904,0.541712775866392,0.615667051433328
8.37412019329001,0.519892145751531,0.610964690593139
8.4161046847965,0.499310157398238,0.604837296419323
8.45857393896323,0.479935973484513,0.597218391967237
8.50152704314937,0.461730568245718,0.588051405897177
8.544962185206,0.444648339095759,0.57729259532419
8.58887676396055,0.428638491959174,0.564913491312408
8.63326749185147,0.413646233006356,0.550902678972392
8.6781304897607,0.39961379778581,0.535266753561588
8.72346137415651,0.38648134556041,0.518030340492794
8.76925533670813,0.374187742625758,0.499235127065191
8.81550721654517,0.36267090174349,0.47900063224828
8.86221156475466,0.351867504979541,0.457465999400315
8.90936270028152,0.341714876075261,0.434718379820234
8.95695475841096,0.33215181742226,0.410847339323902
9.00498173275615,0.323118996376195,0.385940536968677
9.05343751110793,0.314559281631028,0.360079361503321
9.10231590548309,0.306418033801421,0.333334684742977
9.15161067671232,0.29864335413219,0.305762851001794
9.20131555391455,0.291186295485817,0.277401974605151
9.25142424921234,0.284001040320033,0.248268569109198
9.30193046799671,0.277046530389209,0.219125374102662
9.35282791383921,0.270291482046812,0.190698578758225
9.40411028698099,0.263710584985166,0.162921607790096
9.45577127989702,0.257282710735231,0.135716304241662
9.5078045719365,0.250990497559088,0.108995159007293
9.56020382350949,0.244819975951979,0.0826632172201098
9.61296267018501,0.238760234423307,0.0566197090163296
9.66607471702381,0.232803124551697,0.0307594662711971
9.71953353343088,0.226943003835522,0.00497419817035819
9.77333264877801,0.221176514533665,-0.0208462915250722
9.82746554898484,0.215502523666925,-0.0466659421365906
9.88192567349747,0.20992235973716,-0.0724392794256683
9.93670641169972,0.204439288698999,-0.0982582077190484
9.99180110022048,0.19905821813134,-0.124206454894711
10.0472030220223,0.193785547928674,-0.150357157832094
10.1029054073734,0.188629042361796,-0.176770017521648
10.1589014367526,0.183597718622389,-0.203487948032295
10.2151842457108,0.178701746578038,-0.230533169913796
10.2717469317002,0.173952353991737,-0.257902740801242
10.3285825628568,0.16936173092666,-0.285563579275271
10.3856841886901,0.16494286924738,-0.313339315375554
10.4430448520478,0.160709230678771,-0.341005534403086
10.5006576013581,0.156674686557171,-0.368397243882327
10.5585155040256,0.152853358125403,-0.395301936666609
10.6166116614761,0.149259375737046,-0.421458603009638
10.6749392257669,0.145906602164479,-0.446559394600335
10.7334914176432,0.142808319111237,-0.470254715689148
10.7922615459131,0.139976879724253,-0.492162372281527
10.8512430280046,0.137423334401393,-0.511881094585029
10.9104294115611,0.135157042154127,-0.52900825071672
10.9698143968522,0.133184792454844,-0.543034240592438
11.029391858037,0.131508932866889,-0.553519049297487
11.0891558601366,0.13012848388458,-0.56023490560219
11.1491006742772,0.129039410916075,-0.563045943386951
11.2092207927796,0.12823451472269,-0.561919216259752
11.2695109439661,0.127703432323142,-0.556928071958659
11.3299661064836,0.127432748697577,-0.548247403733443
11.3905815229389,0.12740621067202,-0.536141409406669
11.451352712643,0.127605026541682,-0.520945467995049
11.5122754832599,0.128008229424855,-0.503044389020442
11.573345941091,0.128592893100428,-0.483018175258551
11.6345604980467,0.129334167794579,-0.461447973357847
11.6959158723002,0.130206538851184,-0.438724155630883
11.7574090852264,0.13118439022313,-0.415201895379546
11.8190374562303,0.132242292492084,-0.391193105303826
11.8807985954087,0.133355245418491,-0.366962257088052
11.9426903939292,0.134498875426333,-0.342725403369426
12.0047110120241,0.135649591181876,-0.318651612815499
12.0668588645086,0.136784702162431,-0.294866041429602
12.1291326037473,0.13788250597385,-0.27145395363617
12.191531099963,0.138922777705582,-0.248620163516053
12.2540534176599,0.139888180026584,-0.226516001492277
12.3166987863987,0.140763131180624,-0.205104851505255
12.3794665681103,0.141533362432508,-0.184333841300308
12.4423562222588,0.142185879127013,-0.164136829646371
12.5053672689744,0.142708924821006,-0.14443665330363
12.5684992502406,0.143091949947396,-0.125146697367079
12.6317516892367,0.143325586115562,-0.106171854579727
12.6951240479494,0.143401626969061,-0.0874089335465289
12.7586156831832,0.14331301649559,-0.0687465657313175
12.822225801106,0.143054709630428,-0.0501849695126115
12.8859534104541,0.142626269428282,-0.031710116866861
12.949797274806,0.14202927701416,-0.0131818187933657
13.0137558646778,0.141266468488916,0.00554266924674494
13.0778273097939,0.140341751766358,0.024610143028623
13.1420093517163,0.139260242916001,0.0441729189193582
13.2062992970081,0.13802832451861,0.0643902075653573
13.270693971103,0.136653729252933,0.085429291603871
13.3351896730495,0.13514565265647,0.107466359857162
13.3997821312947,0.133514899709741,0.130686782161743
13.4644664607579,0.13177512866828,0.155060410482546
13.5292371237118,0.129946120150346,0.18052759250848
13.5940878987165,0.128050597969983,0.207222839409113
13.6590118545161,0.126113357812692,0.235256431775068
13.7240013267615,0.124161510641224,0.26470360863785
13.7890478975239,0.122224745053589,0.295590252486421
13.8541423776445,0.12033559486222,0.3278748207748
13.9192747919546,0.118529691040549,0.361426724963788
13.9844343673991,0.11684596854077,0.396002150557366
14.0496095240898,0.115326789018458,0.431219521160423
14.1147878694908,0.11401804551131,0.466175400119665
14.1799562001398,0.112968816009239,0.49977247276214
14.2451005179647,0.11222962411638,0.531121925584349
14.3102060542466,0.111851298367733,0.559239174408812
14.3752572968208,0.111883830073419,0.583112091468174
14.4402380202914,0.112375072203372,0.601791275635801
14.5051313192153,0.11336939381544,0.614491252682308
14.5699196442221,0.114906439999063,0.620685276120283
14.6345848410466,0.117020157508363,0.620174177683786
14.6991081924665,0.119738222451349,0.613113510807417
14.7634704632655,0.123081092528628,0.599892547132625
14.8276519510511,0.127059604338309,0.581246841571993
14.8916325472459,0.131678033938799,0.558218163439626
14.9553918034352,0.13693614178988,0.531905944572792
15.0189090001799,0.142830543486377,0.503372241453856
15.0821632181967,0.149356052080607,0.473572234256864
15.1451334119344,0.156506882736897,0.443313311971352
15.2077984855876,0.164277655033105,0.413239657960466
15.2701373716053,0.172664168032933,0.383836013349072
15.3321291117603,0.181663952510834,0.355443603069229
15.3937529409574,0.191275414731962,0.328351696024142
15.4549883762169,0.201494329106771,0.302769237107486
15.5158153142867,0.212317357137749,0.278758223833409
15.5762141334783,0.223743089877804,0.256314100948851
15.6361657971659,0.235771786183385,0.235385647292456
15.6956519587841,0.248405021840827,0.21589058179289
15.7546550682309,0.261645263614772,0.197727357382766
15.8131584795482,0.275495376129099,0.180783776149039
15.8711465597107,0.289958064717171,0.164943072987118
15.9286047983,0.305035253946903,0.150088052423132
15.9855199177933,0.320726847157031,0.136258754493647
16.0418799843488,0.337028317518951,0.123488822080564
16.0976745187413,0.353931514256787,0.111659170729771
16.1528946059837,0.371424252995589,0.100659384716531
16.2075330025213,0.389489284564964,0.0903876672389104
16.2615842400986,0.408103204544296,0.0807504866639738
16.3150447252496,0.427235313919231,0.0716620465521972
16.3679128331932,0.446846448045797,0.0630436668141534
16.4201889947265,0.466887799370603,0.0548231342096865
16.4718757745195,0.487299768912363,0.0469340595541846
16.5229779389475,0.508013508080668,0.0394581640708324
16.5735025099228,0.528958329669309,0.0324774033933158
16.6234588016327,0.550053965192572,0.0259368524163515
16.6728584433021,0.571207485706813,0.0197901023371408
16.7217153883717,0.592312976584537,0.0139982052646688
16.7700459082675,0.613251550803945,0.00852877626950618
16.8178685688109,0.633891774345731,0.00335521761110256
16.8652041873381,0.654090573099051,-0.00154396489881529
16.9120757686827,0.673694679790929,-0.00618577870078113
16.9585084183466,0.692542660854664,-0.0105833152647959
17.0045292314719,0.710469100778341,-0.014710352207189
17.0501671573088,0.727312591483862,-0.018536380961501
17.0954528408396,0.742914804010626,-0.0220632759826137
17.1404184422308,0.75712277856302,-0.0252905257680296
17.1850974345336,0.769792958015447,-0.0282158527361759
17.2295243809026,0.780795267932984,-0.0308357959389935
17.2737346932401,0.790017049385393,-0.0331462469414799
17.3177643747692,0.797366640717598,-0.0351429261389381
17.3616497495942,0.802776410529454,-0.0368217853675886
17.4054271827696,0.806205067520768,-0.0381793230073142
17.4491327949494,0.807642376296373,-0.0392217218381328
17.4928021809256,0.807118932339895,-0.039953517496534
17.5364701466022,0.804694715210558,-0.0403698772776431
17.5801704634622,0.800453782536402,-0.0404667727574375
17.6239356395094,0.794501619998776,-0.0402409262580084
17.6677967092105,0.786961949946559,-0.039689675954659
17.7117830445702,0.777973183997334,-0.0388107741239366
17.755922188871,0.767684709761589,-0.0376021353037353
17.8002397139916,0.756253191968414,-0.0360615523496957
17.8447591016314,0.743839046517053,-0.0341863985886047
17.8895016485224,0.730605513581716,-0.0320893170366474
17.9344864023815,0.71672176030581,-0.0298814946294183
17.9797301404967,0.70235187339465,-0.0275574595857161
18.0252473792659,0.687650347760745,-0.0251114936016867
18.071050405555,0.672760649389436,-0.022537636425092
18.1171493272295,0.657814277264874,-0.0198297285983543
18.1635521404825,0.642930262194798,-0.0169814908681962
18.210264811641,0.628215032272274,-0.0139866377138784
18.2572913712345,0.613762572641658,-0.0108390213060598
18.3046340182612,0.599654809816395,-0.00753280094308887
18.3522932328216,0.585962119059535,-0.00425305101435624
18.40026789723,0.572743658527623,-0.0011887459279049
18.448555426875,0.560047844467246,0.00165890118076684
18.497151906314,0.547913086346352,0.0042876142818603
18.5460522274698,0.5363685274769,0.00669419917176582
18.5952502287563,0.525434756284756,0.00887472935886957
18.6447388341834,0.515124475066665,0.0108247666187818
18.6945101916135,0.505443119372372,0.0125396069164428
18.7445558094556,0.496389426174144,0.0140145398697809
18.7948666911719,0.487955952779192,0.0152451079652848
18.8454334669433,0.48012895731776,0.0161193954848619
18.8962465193711,0.472887344711887,0.0165255358514185
18.9472960983135,0.466205354144512,0.016460559606008
18.9985724282882,0.460053586762652,0.0159229574648734
19.050065810682,0.454399345261365,0.0149126247290216
19.1017667206155,0.449206958300236,0.0134306982814197
19.1536658982114,0.444438094294127,0.0114792891514156
19.2057544340209,0.44005206821218,0.00906111867650222
19.2580238483571,0.43600614420801,0.00617907008010447
19.3104661642923,0.432255836235677,0.0028356694769432
19.3630739738906,0.428755598288659,-0.000931467635108347
19.4158404930206,0.425460679010855,-0.00508633116357999
19.4687595977846,0.422326868554645,-0.00963086992030693
19.521825850047,0.419310388421861,-0.0145693512975534
19.5750345165511,0.416368070863859,-0.0199088348836756
19.6283815817505,0.413457540429006,-0.0256596579319914
19.6818637543222,0.410537397839211,-0.031835940754753
19.7354784673539,0.407567406127831,-0.0384561235524348
19.7892238722294,0.404508678694103,-0.0455435496172576
19.8430988262746,0.401323868640465,-0.0531271133482865
19.8971028740876,0.397978414411405,-0.0610400699143918
19.951236218247,0.394444132112775,-0.0691175462849638
20.0054996731719,0.390696561130487,-0.077398817824551
20.0598946107842,0.386713969782754,-0.0859275019329565
20.1144229031239,0.382477343814907,-0.0947521204939877
20.1690868625081,0.377970368531373,-0.103926797759965
20.2238891796638,0.373179403259243,-0.113512114360099
20.2788328602896,0.368093447384306,-0.123576143136832
20.3339211605264,0.362704097854247,-0.134195698712497
20.3891575218369,0.357005498801098,-0.145457840273863
20.4445455057051,0.350995418274206,-0.157196417623478
20.500088726196,0.344678547649079,-0.169236434287166
20.5557907775956,0.338062893630053,-0.181666120713759
20.6116551627746,0.331158417891282,-0.194582637925599
20.6676852254775,0.323976820549723,-0.208093966286502
20.7238840870017,0.316531336371659,-0.222321134226858
20.780254587577,0.308836548209023,-0.237400859670058
20.8367992327207,0.300908222639385,-0.253488692702733
20.8935201448027,0.292763173293139,-0.27076276597965
20.9504190200159,0.284419157952232,-0.289428279019687
21.0074970908085,0.275896541673897,-0.309493311099149
21.0647550914565,0.267223297375694,-0.330941259576893
21.1221932238064,0.258429499183522,-0.353980620443371
21.1798111285211,0.249545468044018,-0.378845022472121
21.2376078643996,0.240601732587425,-0.4057965746015
21.2955818955285,0.231629052187402,-0.435129181610973
21.3537310858685,0.222658505231444,-0.467171537204756
21.4120527008484,0.213721645634137,-0.502289307146391
21.4705434155127,0.204850730516132,-0.540885719227784
21.5291993287458,0.196079021479939,-0.583399341805196
21.5880159830919,0.187441559588811,-0.630306883425958
21.6469883897211,0.17897681103854,-0.682076233652248
21.7061110582591,0.170725968641744,-0.73913100659252
21.7653780311288,0.162733073253184,-0.801822010686485
21.8247829218821,0.155045526924136,-0.870357555236591
21.8843189569894,0.147714535390135,-0.944704846548982
21.9439790205577,0.140795380497131,-1.02445893200132
22.0037557014654,0.13434737996852,-1.10868221404997
22.0636413424101,0.128433346484434,-1.19573066357412
22.1236280903826,0.123118325798862,-1.28310373606082
22.1837079480742,0.118468311705547,-1.36742248198469
22.2438728253715,0.114549805759138,-1.44430782089733
22.3041145900928,0.111422807203792,-1.50872377872252
22.3644251185102,0.109134616335545,-1.55574555222156
22.4247963456845,0.107714562821817,-1.58141720658925
22.4852203151644,0.107169858303337,-1.58357671951411
22.5456892275971,0.107483603161777,-1.56235499840105
22.6061954878002,0.108615526906659,-1.52014721714083
22.6667317498519,0.110505324970604,-1.4610689147863
22.7272909597672,0.113077790064859,-1.39011538290001
22.7878663953324,0.116250090535309,-1.31236086761184
22.8484517027499,0.119941689024017,-1.23203762623791
22.9090409301666,0.124074141590481,-1.15237577652622
22.969628558283,0.128572324976967,-1.07572332234339
23.0302095278736,0.133366049158356,-1.00362091344933
23.0907792639539,0.138390817532868,-0.936949844524063
23.1513336963315,0.143587975278488,-0.876097337441771
23.2118692762817,0.148904467809147,-0.821106942095686
23.272382989093,0.154292384942422,-0.771800542050386
23.3328723622386,0.159708415699183,-0.727869932277808
23.3933354689694,0.165115242372604,-0.688888535197348
23.4537709278728,0.170486793532275,-0.654297489580059
23.5141779001042,0.175801742711315,-0.623575877873869
23.5745560841636,0.181041024328966,-0.59626016219785
23.6349057077581,0.186187411978469,-0.571942450100834
23.6952275167297,0.191225186967151,-0.550266517378928
23.7555227610442,0.196139882416729,-0.530922848853207
23.8157931778433,0.200918090177872,-0.513643440196892
23.8760409715625,0.205547319726201,-0.498196775577405
23.9362687911247,0.210015899928132,-0.484383192963788
23.99647970426,0.214313717664732,-0.472008068186022
24.0566771699064,0.218434542965905,-0.460876028176187
24.1168650105695,0.222373509285531,-0.450827015230453
24.1770473838407,0.22612625825782,-0.441723653535894
24.2372287523988,0.229688911368029,-0.433447852186916
24.297413852549,0.233058054580024,-0.425897975306708
24.3576076613892,0.236230732882597,-0.418986481622958
24.4178153626892,0.2392044522694,-0.412637951731041
24.478042311569,0.241977187110063,-0.406787435141723
24.5382939980653,0.244547391229646,-0.40137906102212
24.5985760097483,0.246915063774228,-0.396313460803668
24.6588939954875,0.249084804384668,-0.391474973235356
24.7192536341958,0.251062435760079,-0.386796199147338
24.7796606063205,0.252853873721026,-0.382217929502201
24.840120566369,0.254465077927238,-0.377688174485919
24.9006391164296,0.255902005168636,-0.373161353067987
24.9612217807011,0.257170565438111,-0.368597609099356
25.0218739810305,0.258276581059663,-0.363962226529823
25.0826010134388,0.259225749176198,-0.359225121560499
25.1434080256014,0.260023607903922,-0.354360393783919
25.2042999952819,0.260676016288184,-0.349439452159547
25.2652817108733,0.261190693190927,-0.344523136275888
25.3263577561939,0.261575708433886,-0.339575628152503
25.3875324980046,0.261838924408352,-0.334564897823618
25.4488100751008,0.261987941865783,-0.329462397645473
25.5101943888662,0.262030051215963,-0.324242789707398
25.5716890952062,0.261972189539075,-0.31888369792613
25.6332975977679,0.261820903462207,-0.313365477689757
25.695023042345,0.261582317991054,-0.307670997052041
25.7568683123547,0.261262111325693,-0.301785424489542
25.8188360252636,0.260865683483579,-0.295811479372127
25.8809285296833,0.260398800448531,-0.289847534163396
25.9431479028776,0.259867175096926,-0.283875124621731
26.0054959490383,0.259276274171575,-0.277877401051332
26.0679741984648,0.258631292533867,-0.271839004477407
26.1305839075859,0.257937131550305,-0.265745947403826
26.1933260597456,0.257198381493689,-0.25958549769107
26.2562013666772,0.256419307820998,-0.253346064256182
26.3192102705814,0.255603841174796,-0.247017083459407
26.3823529467288,0.254755570941941,-0.240588905201088
26.445629306495,0.253878026950897,-0.234129548231502
26.5090390006076,0.252975583377985,-0.227702405991385
26.5725814224809,0.252052683372648,-0.221292232300672
26.6362557120987,0.251113549802233,-0.214884699521756
26.700060760616,0.250162170027752,-0.208466338409633
26.7639952156337,0.24920228339985,-0.202024478729255
26.8280574870968,0.248237371333942,-0.195547190176973
26.8922457537608,0.247270649824896,-0.189023223153839
26.9565579701724,0.246305064264257,-0.182441948963892
27.0209918741097,0.245343286426853,-0.175793299046809
27.0855449944135,0.244387798410855,-0.169086035222657
27.15021465884,0.243441168389775,-0.16232826751686
27.2149980014308,0.242505830924725,-0.155509692189393
27.2798919699596,0.24158400556517,-0.148620446805147
27.3448933337555,0.240677696631581,-0.141651061856741
27.4099986918753,0.239788694508673,-0.134592411299215
27.4752044815852,0.23891857836757,-0.127435661939999
27.5405069871118,0.238068720241976,-0.120172221681462
27.6059023486259,0.23724029039095,-0.112793686671436
27.6713865714218,0.236434263888419,-0.105291787481261
27.7369555352547,0.235651578033721,-0.0977262672773417
27.8026050037351,0.234893609194493,-0.090155914808404
27.8683306337336,0.234161760026526,-0.0825713903170619
27.9341279850497,0.233457310620836,-0.0749637266389523
27.9999925304417,0.232781414723736,-0.0673243055178615
28.0659196660043,0.232135096876406,-0.0596448331406089
28.1319047218816,0.231519250433158,-0.0519173150898122
28.1979429732962,0.230934636423163,-0.0441340309300084
28.2640296518822,0.230381883226293,-0.0362875086654212
28.3301599573063,0.229861487039033,-0.028370499338353
28.3963290691213,0.229373832313171,-0.0204685625035947
28.462532157841,0.228919295552414,-0.0126677643325575
28.5287643936375,0.228498260357791,-0.00496205158012813
28.5950209542887,0.228111096975526,0.00265425227814387
28.6612970333872,0.227758149753075,0.0101864520300706
28.7275878488549,0.227439725144231,0.0176394893091406
28.7938886517634,0.227156080236232,0.0250179543896647
28.8601947354607,0.226907411775717,0.0323261008424107
28.9265014450002,0.226693845674341,0.0395678627236903
28.9928041868678,0.226515426979455,0.0467468739910311
29.0590984389798,0.226372084820543,0.0538140587720149
29.1253797604177,0.226263559430478,0.0607198587520371
29.191643800034,0.226189488782868,0.0674667785030936
29.2578863047289,0.226149422445818,0.074057090530043
29.3241031279044,0.22614280708174,0.0804928697314693
29.3902902381031,0.226168972580336,0.0867760302467483
29.4564437278125,0.22622711883793,0.092908364128877
29.5225598224171,0.226316303201887,0.0988915813088513
29.5886348892742,0.226435428604682,0.104727350344049
29.6546654468892,0.226583232417567,0.11041733947319
29.7206481741432,0.226758446367968,0.11589354918336
29.7865799190628,0.226960294834218,0.12108609380587
29.8524577064315,0.227187963985704,0.125993740547423
29.9182787451465,0.22744041073164,0.130615192779145
29.9840404358003,0.227716343525374,0.134949167481076
30.0497403784579,0.228014204705503,0.138994468056128
30.1153763805758,0.228332154461505,0.142750051418338
30.1809464650049,0.228668056516586,0.146215088368919
30.2464488780169,0.22901946562469,0.14938901640165
30.3118820972901,0.229383616980823,0.152271584222227
30.3772448397659,0.229757534181924,0.154852546789672
30.4425360687548,0.230138388389738,0.157120706225133
30.5077549994033,0.230523170221098,0.159074847496945
30.5729011034483,0.230908570431286,0.16071405508225
30.6379741137692,0.231290975205448,0.162037729293369
30.702974028692,0.231666463865665,0.163045592313129
30.7679011159712,0.232030809077457,0.163737683821631
30.8327559163775,0.232379479630399,0.164114346221648
30.8975392468175,0.232707645856053,0.164176199576489
30.9622522029103,0.233010187733107,0.163924106458177
31.0268961609162,0.233281824200693,0.163396140022495
31.0914727780976,0.233517525771922,0.162629668709197
31.1559839901574,0.233712248824717,0.161624663723897
31.2204320071602,0.233860840573665,0.160381081712928
31.2848193087673,0.233958053119831,0.158898826032297
31.3491486387821,0.233998559211279,0.157177702939617
31.4134229989675,0.233976969633938,0.155217372483341
31.477645642106,0.23388785213366,0.153017293789093
31.5418200642692,0.233725751751218,0.15057666435346
31.6059499962761,0.233485212433083,0.147894352847741
31.6700393942959,0.233160888458207,0.145017531596179
31.7340924290864,0.232747866337725,0.141992945866704
31.7981134731104,0.232241476116136,0.1388182128452
31.8621070864191,0.231637228392738,0.135490482267526
31.9260780018403,0.230930831319561,0.132006380627011
31.990031109517,0.230118207070293,0.128361947833936
32.0539714408258,0.229195507599024,0.124552565208593
32.1179041517093,0.228159129514444,0.120572873521413
32.1818345054626,0.22700572790572,0.116416679595036
32.2457678550165,0.225732228970971,0.112076849744408
32.3097096247326,0.224336197090726,0.107622066304241
32.3736652909331,0.222816950153506,0.103119658291269
32.4376403600958,0.221174558207089,0.0985592760282418
32.5016403464471,0.219409484683181,0.093929966640915
32.565670749946,0.217522571242257,0.0892200931792408
32.6297370347663,0.215515021146112,0.0844172420645576
32.6938446083448,0.213388381326322,0.079508117659072
32.7579988010614,0.211144523346513,0.0744784225088723
32.8222048466134,0.208785623482649,0.0693127215325027
32.8864678631436,0.206314142169731,0.0639942881078967
32.9507928351622,0.20373300430466,0.0585814227994572
33.0151845959468,0.201046196088092,0.0531339803350377
33.0796478099864,0.198258159359112,0.0476359193507553
33.1441869562805,0.195373561024512,0.0420703382754522
33.2088063129417,0.192397260499941,0.0364193481164647
33.2735099431453,0.189334278463363,0.0306639319231322
33.338301682445,0.186189767206798,0.0247837894234391
33.4031851274665,0.182968982854693,0.0187571651167759
33.4681636259854,0.1796772596981,0.0125606578901013
33.533240268387,0.176319986873909,0.00616901001197811
33.5984178804892,0.172902582821404,-0.000379457368063247
33.6636990173476,0.169430468510203,-0.00704337090612013
33.7290859574448,0.165909072747053,-0.0138460919830436
33.7945806978315,0.162343818339609,-0.0208126681133035
33.8601849505612,0.158740104508371,-0.0279700381213294
33.9259001404039,0.155103292179253,-0.0353472590934141
33.9917274038049,0.151438692199134,-0.0429757570460706
34.0576675890498,0.147751556501735,-0.0508896032187354
34.1237212575962,0.144047072239917,-0.0591258177400865
34.1898886865242,0.140330358893288,-0.0677247020814908
34.2561698720516,0.136606255001137,-0.0767023051650972
34.3225645337619,0.132878685736449,-0.0860775180322264
34.3890721189451,0.129151315711838,-0.0959014623824533
34.4556918073562,0.125427769563825,-0.106230989155822
34.5224225166207,0.121711640614401,-0.11712945087739
34.5892629082627,0.118006502388156,-0.12866757991378
34.6562113943218,0.114315923176557,-0.14092448338608
34.7232661445208,0.110643483892388,-0.153988764319392
34.7904250939496,0.106992799517975,-0.167959775858545
34.8576859512274,0.103367544522742,-0.18294901013132
34.9250462070868,0.0997712495993493,-0.19907119772863
34.9925031427919,0.0962066444550652,-0.216462748872198
35.060053837417,0.0926764103910694,-0.235294027687524
35.1276951747351,0.0891834629383884,-0.255759702596771
35.1954238502252,0.0857310086447345,-0.27808210490331
35.2632363782004,0.0823226127607436,-0.302514769109914
35.3311290990464,0.078962279944397,-0.329345955037389
35.3990981865519,0.0756545504520794,-0.35890179052542
35.4671396553191,0.0724046146122512,-0.391548420626512
35.5352493682375,0.0692184486099486,-0.427692161991894
35.6034230440017,0.0661028873928993,-0.467880403555018
35.671656264471,0.0630655961223062,-0.512724451080443
35.7399444815474,0.0601156445409455,-0.562766498710714
35.8082830238372,0.057263888727258,-0.618534714630387
35.8766671032795,0.0545232871369996,-0.680486061866119
35.9450918217524,0.0519092342369023,-0.748915667926254
36.013552177662,0.0494398828474789,-0.823822069202333
36.0820430725184,0.0471364035631227,-0.904720600663644
36.1505593175062,0.0450230985729632,-0.990407953620868
36.2190956400522,0.0431272510456586,-1.07870467961895
36.2876466904117,0.0414786680726477,-1.16628990838116
36.3562070485474,0.0401088906804357,-1.24855492490154
36.4247712317562,0.0390490951550116,-1.31980838583393
36.4933337026416,0.0383275450751525,-1.37402093013038
36.5618888771786,0.0379668127580701,-1.40590206097356
36.6304311328676,0.0379812085571451,-1.41209913242084
36.6989548169904,0.0383750661020609,-1.39206703848905
36.7674542549778,0.0391423786837732,-1.3482164346729
36.8359237589011,0.0402678887428435,-1.28526942432315
36.9043576361004,0.0417292885523495,-1.20912375181913
36.9727501979891,0.043499924262385,-1.12547461050254
37.0410957697288,0.0455512440073045,-1.03924425397802
37.1093887018758,0.0478546576034199,-0.954386984900167
37.1776233829227,0.0503830260740298,-0.873598492597841
37.2457942520531,0.0531115721251399,-0.79848087203629
37.3138958120784,0.0560182920625489,-0.729797096842208
37.3819226425497,0.0590840214061674,-0.667725592109939
37.4498694130407,0.0622922888439192,-0.612072347370978
37.5177308965954,0.0656290593332204,-0.562429301196599
37.585501983334,0.069082433582083,-0.518283673030351
37.6531776942553,0.0726420179147601,-0.478944908081651
37.7207531962871,0.076297579074766,-0.443793553975947
37.7882238202107,0.0800396486789496,-0.412399808996356
37.8555850796312,0.0838596439170714,-0.384358371078249
37.9228326898523,0.0877497031548434,-0.359296943880595
37.989962586555,0.0917025404050908,-0.336879468255694
38.0569709442198,0.0957113177988444,-0.316806160224818
38.1238541942287,0.0997695344821936,-0.298811733374036
38.1906090425816,0.103870930127081,-0.282662690575305
38.2572324871584,0.108009401267093,-0.268154235486227
38.3237218344811,0.112178692386667,-0.255070136423524
38.3900747165636,0.116371597958749,-0.243230039144742
38.4562891087603,0.120580574719887,-0.232513884491124
38.5223633473532,0.124797929677076,-0.222815438336785
38.5882961460759,0.129015784367172,-0.214040833294834
38.6540866114333,0.133226044862318,-0.206107223650958
38.7197342566977,0.137420377463483,-0.198941565900129
38.7852390144634,0.141590190085979,-0.192479526832593
38.8506012476363,0.145726619391797,-0.186664514912577
38.9158217587398,0.149820523762177,-0.181446827275908
38.9809017974237,0.153862187700997,-0.176795748742746
39.045843066321,0.15784043566014,-0.17268999278651
39.1106477254381,0.161743515240264,-0.169101700439707
39.1753183943333,0.165559411440901,-0.166006836252111
39.2398581516356,0.169275875777551,-0.163384999564234
39.3042705317646,0.172880462817958,-0.161219262141524
39.368559518733,0.17636057412472,-0.159496035218416
39.4327295369285,0.179703509475187,-0.158204968338455
39.4967854387823,0.182896525102366,-0.157338882070095
39.5607324892507,0.185926898565485,-0.15689373665338
39.6245763470507,0.188782241680923,-0.156866896864486
39.6883230425662,0.191451307815552,-0.157255813493235
39.7519789524491,0.193923352779753,-0.158061507543852
39.8155507711995,0.196187972100892,-0.159288449510298
39.8790454798682,0.198235180686813,-0.160944623511119
39.942470311957,0.200055493452118,-0.16304164939497
40.0058327166079,0.201640005853983,-0.165594965712135
40.0691403192033,0.202980473292003,-0.168624077874325
40.1324008795158,0.204069388374,-0.172152877346905
40.1956222475762,0.204900055140322,-0.176210039378643
40.2588123174489,0.205467472705943,-0.18080228568525
40.3219789792224,0.205770831222924,-0.185930482711339
40.3851300699931,0.205811102698316,-0.191622040125096
40.4482733246227,0.205590252114353,-0.197909456431188
40.5114163266091,0.205111257003537,-0.204830656925742
40.5745664593281,0.204378122087677,-0.2124293979446
40.6377308578972,0.203395890078715,-0.220755735129707
40.7009163619139,0.202170650048125,-0.229866551805167
40.7641294693106,0.200709545086462,-0.239826140635983
40.8273762915656,0.199020781292706,-0.250706827056264
40.8906625105255,0.197114514590305,-0.26250734545558
40.9539933378093,0.195005422444767,-0.275212385568241
41.0173734785985,0.19270996519424,-0.288882438236376
41.0808070994693,0.190245485108746,-0.303581245820739
41.144297799804,0.187630204836823,-0.319374901416993
41.2078485868345,0.184883237802824,-0.336330542100012
41.2714618543683,0.182024611946298,-0.354514513269598
41.3351393652287,0.179075307686503,-0.373989857325019
41.3988822374224,0.176057310307532,-0.394812956797182
41.4626909340295,0.172993676043793,-0.41702914386859
41.5265652568369,0.169909154503718,-0.440523395890268
41.5905043447234,0.166831755826517,-0.465121718875479
41.6545066786203,0.163790899357061,-0.490739489694128
41.7185700916567,0.160816825048928,-0.517245013011481
41.7826917833942,0.157940555667159,-0.544450446271668
41.8468683379421,0.155193818242987,-0.572103161229891
41.911095745777,0.152608910783283,-0.599878624444655
41.975369429088,0.150218500134967,-0.627376226242275
42.039684270467,0.14805533846374,-0.654119764522648
42.104034644767,0.146151889619742,-0.679564381392133
42.1684144540015,0.144540008695939,-0.702881905010843
42.2328171664405,0.143250514351403,-0.723196181141356
42.2972358618869,0.142311552165294,-0.739869608951279
42.361663280861,0.141747661418264,-0.752330712774585
42.4260918761089,0.141579104446603,-0.760119104248803
42.4905138660987,0.141821296296478,-0.762925226452762
42.5549212902237,0.142484387973407,-0.760618825988308
42.6193060654316,0.143573044153713,-0.753261434856076
42.6836600440025,0.145086436422678,-0.741100687743482
42.7479750721956,0.147018449388296,-0.724547433091259
42.8122430494794,0.149357907927043,-0.70416984586386
42.8764559878823,0.152088658677046,-0.680628195338191
42.9406060708293,0.155190774082611,-0.65459053762856
43.0046857113567,0.158641394962321,-0.626716150065405
43.0686876095683,0.162415374166865,-0.597622631096902
43.1326048090417,0.166485860124584,-0.567862782427068
43.1964307518793,0.17082479649466,-0.53791117372419
43.260159332088,0.175403326896444,-0.508159108102249
43.3237849469615,0.180192104252523,-0.478916097157735
43.3873025461289,0.185161511991606,-0.450415823488403
43.4507076778887,0.19028187361649,-0.422896350466852
43.5139965317149,0.195523815254268,-0.396528267319012
43.5771659753755,0.200858245344845,-0.371358916373894
43.640213587559,0.206256288381403,-0.347399016364396
43.7031376864375,0.211689243962218,-0.324631267218188
43.7659373538526,0.217128540893913,-0.303017597587673
43.8286124547861,0.222545695358234,-0.282505091235071
43.8911636517726,0.22791228028414,-0.263030708012242
43.9535924139237,0.23319991140336,-0.244524952391863
44.0159010202404,0.238380254007916,-0.226914651937562
44.0780925568735,0.243426002829274,-0.210262536312825
44.1401709071819,0.248313899592529,-0.194609144863691
44.2021407334715,0.253022131147666,-0.179852686746758
44.2640074525547,0.25752944741832,-0.16589928097815
44.3257772061906,0.261815221297985,-0.152662491840007
44.3874568264431,0.265859529570522,-0.14006276622015
44.4490537959889,0.269643251422229,-0.128026817932695
44.51057620344,0.273148180889466,-0.11648698905463
44.5720326937918,0.276357149401777,-0.105380607417762
44.6334324141426,0.279254154448418,-0.0946493515574743
44.694784954871,0.281825297114502,-0.0842983413413572
44.7561002864406,0.284061350749926,-0.0743305408808929
44.8173886924982,0.285955476283757,-0.0646911239231812
44.8786607005656,0.287502488246423,-0.0553297472213496
44.9399270110049,0.288698907332898,-0.0461998201874032
45.0011984246716,0.28954299774573,-0.0372578444286219
45.0624857696686,0.290034787715037,-0.0284628124553945
45.123799827627,0.290176072219954,-0.019775656016636
45.1851512599358,0.289970397573517,-0.0111587356209338
45.2465505343413,0.289423028164696,-0.00257536381786545
45.3080078523987,0.288542062653198,0.00590689537644707
45.3695330800303,0.287341790972652,0.0142191813941435
45.4311356852478,0.285838952000647,0.0223935443807401
45.4928246816348,0.284051396738856,0.0304593407452734
45.5546085763131,0.281997929981059,0.0384435530423695
45.6164953225202,0.279698151495465,0.046371039768323
45.6784922769449,0.27717229963186,0.0542647208359901
45.7406061619158,0.274441100020025,0.0621457029540297
45.8028430324958,0.271525621707079,0.0700333478430991
45.8652082484916,0.268447142706297,0.0779452851631473
45.9277064514023,0.265227214718942,0.0858477658393163
45.9903415476073,0.261888054255169,0.0937026243104786
46.0531166999655,0.258451764729416,0.101517438652874
46.116034325659,0.254940034870962,0.10929685604724
46.1790960987705,0.251374053651366,0.117042413043174
46.2423029573314,0.247774437887545,0.124752325514509
46.3056551146178,0.244161171396223,0.13242125641441
46.3691520744596,0.240553554330281,0.140040071254825
46.4327926503231,0.23697016114239,0.147595593394394
46.4965749879251,0.233428805501481,0.155070373626835
46.5604965911702,0.229946346413872,0.162404802312263
46.624554352052,0.226538123116465,0.169535019474389
46.6887445855828,0.22321834044831,0.176430814586891
46.7530630679245,0.220000196491806,0.1830580419949
46.8175050765628,0.216895857769394,0.189378893003394
46.8820654322644,0.213916433613269,0.195352293231041
46.9467385426057,0.211071949232444,0.200934434027349
47.0115184468702,0.208371317348178,0.206079440686123
47.0763988621214,0.205822308623252,0.210740172553499
47.1413732302692,0.203431521457943,0.214869141232027
47.206434765932,0.201203946272944,0.218436498749414
47.2715765043156,0.199141755156185,0.221421899395001
47.336791347769,0.19724556176362,0.223794995829296
47.4020721115079,0.195514827336409,0.225529449735195
47.4674115689114,0.193947857764896,0.226603608514428
47.5328024962997,0.19254180662805,0.227001046309244
47.5982377170895,0.191292685014647,0.226710939213721
47.663710145221,0.190195378708262,0.225728252539817
47.7292128277564,0.189243673060999,0.224053727840341
47.7947389865491,0.188430285614628,0.221693668220814
47.860282058784,0.187746775011398,0.218765658398123
47.9258357337161,0.187183343254164,0.215395529198553
47.9913939813369,0.186729536912318,0.211607412186129
48.0569510769173,0.186374458739967,0.207426946355257
48.1225016239319,0.186106811063697,0.202880638161807
48.1880405754291,0.185914939494072,0.197995238152334
48.253563253809,0.185786876559264,0.192797151019883
48.3190653689689,0.185710384955842,0.187311891933754
48.3845430347791,0.185673000216132,0.181563597781696
48.4499927838491,0.185662072697516,0.17557459781992
48.5154115804795,0.185665004541847,0.16944729688674
48.5807968300212,0.185669961603336,0.163279571170466
48.6461463819135,0.185665463959404,0.157083505146808
48.7114585293347,0.185640229459607,0.150868720168792
48.7767320072549,0.185583190439141,0.144642425641837
48.8419659889762,0.185483510402714,0.138409481938734
48.9071600811749,0.185330600891725,0.132172467416913
48.9723143174673,0.185114138703499,0.125931742594458
49.0374291505246,0.184824083583619,0.119685505192711
49.102505442768,0.184450696463846,0.113429830302395
49.1675444556189,0.183985004869179,0.107234994528697
49.2325478358201,0.183420216394668,0.101167248043145
49.297517596644,0.182750482739187,0.0952145290960699
49.3624560968522,0.181970463662799,0.089364119475748
49.4273660191073,0.181075323147012,0.0836026666333524
49.4922503479852,0.180060725724471,0.0779161788481906
49.5571123476707,0.178922832734378,0.0722899941103384
49.6219555394241,0.177658298281318,0.0667087228550367
49.6867836789095,0.176264264701105,0.0611561640638316
49.7516007334727,0.17473835737127,0.0556151935561772
49.8164108594123,0.173079125397603,0.0501433240134714
49.8812183780932,0.17128740130973,0.0447992828162279
49.946027749204,0.169364990139572,0.0395673104655232
50.0108435435749,0.167314200430734,0.0344319982502112
50.0756704169707,0.165137813584221,0.0293781944021157
50.1405130849863,0.162839052696699,0.024390905009389
50.2053762991136,0.160421551021832,0.0194551894753831
50.2702648240401,0.157889320225836,0.0145560499811579
50.3351834162313,0.155246718639118,0.00967831409426556
50.4001368038432,0.152498419732591,0.00480650935232815
50.4651296679735,0.149649466303306,-3.34241424323144e-005
50.5301666246381,0.146705500239359,-0.00481208965046953
50.5952522065002,0.143672481317955,-0.00953979715513012
50.6603908454514,0.140556566922864,-0.0142265078385445
50.7255868567069,0.137364076910858,-0.0188818635192385
50.7908444244307,0.134101460112951,-0.0235152091317013
50.856167588874,0.130775262661588,-0.0281356073628334
50.9215602350011,0.127392098313044,-0.0327518443271592
50.9870260825685,0.123958620907573,-0.037372424874905
51.0525686776188,0.120481499084752,-0.0420055557499186
51.1181913853264,0.116967259453141,-0.0466411165168076
51.1838973838412,0.113421866661555,-0.0512669913158592
51.249689658542,0.109851110294239,-0.0558877365024389
51.3155709970668,0.10626072220257,-0.0605072812645742
51.3815439853522,0.102656361650147,-0.0651288179676585
51.4476110046337,0.0990436028448415,-0.0697546640885478
51.5137742293453,0.0954279249074472,-0.0743860893889825
51.5800356258562,0.0918147043421417,-0.079023100349449
51.6463969519759,0.0882092101007866,-0.083664171812205
51.7128597571629,0.0846166013761521,-0.0883059131374196
51.7794253833415,0.0810418033381725,-0.092933977656859
51.8460949656189,0.0774891337451723,-0.0975317288396416
51.9128694317928,0.0739626789414535,-0.102088549747204
51.9797495015718,0.0704664248869601,-0.10659046707873
52.0467356860831,0.0670042683075948,-0.111019424505705
52.1138282876323,0.0635800337765361,-0.115352382116334
52.1810273996637,0.0601974983673744,-0.119560197620517
52.248332906862,0.0568604261883518,-0.123606234476596
52.3157444853465,0.0535726160617669,-0.127444630988829
52.3832616029044,0.0503379669869444,-0.131018155346581
52.4508835192189,0.0471604661531312,-0.134392488658578
52.5186092861236,0.0440440394956789,-0.137665010077939
52.5864377479508,0.0409930954455603,-0.140815533938586
52.6543675417911,0.0380128996654884,-0.143825096220409
52.7223970975551,0.0351099482759044,-0.146680034634133
52.7905246378106,0.032292496676488,-0.149379729913602
52.8587481773774,0.0295713133228789,-0.151950888152958
52.9270655226616,0.0269607548828238,-0.154473253495635
52.9954742707166,0.0244802854037356,-0.157124427053799
53.0639718080185,0.0221565615458819,-0.160253684200267
53.1325553089717,0.0200262062768784,-0.164714255119521
53.201221734746,0.0181390579994566,-0.171731988579987
53.2699678334097,0.0165596429415864,-0.182567229568519
53.3387901403945,0.015364333951375,-0.198246971933452
53.4076849786894,0.0146295474323708,-0.218552617174877
53.4766484587455,0.0144095500776371,-0.241130955864545
53.5456764780999,0.0147135366005409,-0.262160713323978
53.6147647207279,0.0154996481582668,-0.2785820202067
53.683908656137,0.0166917617540685,-0.289573911252907
53.7531035382169,0.0182049077539211,-0.296067003485552
53.8223444039022,0.0199633207005301,-0.299135834089137
53.8916260726475,0.0219070713303672,-0.299798204824304
53.9609431482968,0.023991681154786,-0.29912044700124
54.0302900217874,0.0261853454610864,-0.29777972052604
54.0996608737231,0.0284658357770695,-0.296174776861088
54.1690496767929,0.0308179088621858,-0.294527492791448
54.2384501980547,0.0332313663013757,-0.292953810349494
54.3078560011052,0.035699668177244,-0.291508315318307
54.3772604481557,0.0382189608622137,-0.290210916876668
54.4466567020408,0.0407873982436987,-0.289062440860141
54.5160377282631,0.0434044433236197,-0.28772635549469
54.5853962990666,0.0460697302820379,-0.285982291947242
54.6547250026853,0.0487832843224218,-0.283965679260399
54.7240162545967,0.0515455799545924,-0.281779347912659
54.7932623088123,0.0543574487801915,-0.279502031490582
54.8624552691363,0.0572200131630347,-0.277194473507391
54.9315871003993,0.0601346385551864,-0.274903854997767
55.0006496396768,0.0631028994158102,-0.272667036344504
55.069634607499,0.066126555140526,-0.270512954759118
55.1385336190635,0.0692075334405573,-0.268464415028072
55.2073381955392,0.0723477346417945,-0.266342344383765
55.2760397774862,0.075548362911151,-0.264013402320753
55.3446297436015,0.0788102925034811,-0.261554501698901
55.4130994315374,0.082134232684887,-0.259030242034734
55.4814401587532,0.0855207346966995,-0.256495011286773
55.5496432433041,0.0889701975950138,-0.253994702237281
55.6177000245477,0.0924828728172565,-0.2515681282603
55.6856018837453,0.0960588673958706,-0.249248201364096
55.7533402645351,0.0996981457926818,-0.24706291981203
55.8209066932498,0.103400530369672,-0.245036201431406
55.888292799111,0.107165511338509,-0.243101759516326
55.9554903357374,0.110991608118547,-0.241208225477682
56.0224912062578,0.114876812960011,-0.239395067007837
56.0892874895805,0.118818757705885,-0.237696857036089
56.1558714662751,0.12281470644208,-0.236144070271695
56.2222356439397,0.126861546202436,-0.234763787171319
56.2883727819818,0.130955776006286,-0.233580318901425
56.3542759157346,0.135093494553661,-0.232615764716001
56.4199383798298,0.139270386950389,-0.231890511585858
56.4853538307396,0.143481710879568,-0.231423684667101
56.5505162684507,0.147722319919672,-0.23110689205232
56.6154200584254,0.151986675424596,-0.230839754282853
56.6800599558018,0.156268567052774,-0.230651216000857
56.7444311298103,0.160561033460829,-0.230568553613714
56.8085291870569,0.1648563421682,-0.230617772236886
56.8723501934868,0.169145970854238,-0.230823983758293
56.935890694891,0.173420590840254,-0.231211772494059
56.9991477358097,0.177670053592739,-0.231805554416787
57.0621188766832,0.18188338116255,-0.232629935728518
57.1248022090992,0.186048761545538,-0.233710076574139
57.1871963689913,0.190153931101667,-0.234951188667361
57.2493005479416,0.194187272554361,-0.236255197669934
57.3111145030932,0.198136586675394,-0.237643317011742
57.3726385653323,0.201988706156277,-0.239137440147277
57.4338736453595,0.205729511228615,-0.240760433701404
57.4948212374854,0.209343954267433,-0.242536455814794
57.555483420998,0.212816094305999,-0.244491307712769
57.6158628589566,0.216129142332988,-0.24665282748977
57.6759627942753,0.219265518157092,-0.249051336523632
57.7357870429696,0.222206919507766,-0.251720150788564
57.7953399843919,0.22493552684099,-0.254610903622166
57.8546265468262,0.227437511940064,-0.257657231178233
57.9136521863576,0.229699837516952,-0.260870119335191
57.9724228622097,0.231709224762822,-0.264263554070026
58.0309450102917,0.233452236692053,-0.267854871858402
58.0892255150328,0.234915366740188,-0.271665188052381
58.1472716795384,0.236085131892255,-0.275719916608332
58.2050911941169,0.236948169495036,-0.280049398517463
58.2626921032472,0.237491336806484,-0.284689661315505
58.3200827710784,0.237701812268029,-0.289683338427766
58.3772718455312,0.237567975769341,-0.295006488888385
58.4342682200556,0.237081853131204,-0.300623236033179
58.4910809917687,0.236236875167827,-0.306569161404399
58.5477194183798,0.235027154624441,-0.312887794221399
58.6041928752992,0.233447530512325,-0.319632021255857
58.660510813163,0.231493605477524,-0.326865827880178
58.7166827159729,0.229161776377243,-0.334666459773899
58.7727180600522,0.226449258619633,-0.343127123886896
58.8286262740331,0.223354105284096,-0.352360386707855
58.8844167000889,0.219875222601728,-0.362502481920357
58.9400985565527,0.216014228504359,-0.373650919235253
58.9956809001282,0.211781030820912,-0.385876348912935
59.0511725852909,0.207188311391925,-0.399315543151911
59.1065822253339,0.202249599599131,-0.414136572569216
59.1619181574587,0.196979182994876,-0.430546166346864
59.2171884120602,0.191392029454885,-0.448799276336551
59.272400686241,0.185503727714642,-0.469211587610447
59.3275623215589,0.179330454600956,-0.492176004738616
59.3826802859927,0.172888979354592,-0.518184550815901
59.4377611600835,0.166196718497144,-0.547857698759137
59.4928111271438,0.159273391491378,-0.582160356926015
59.5478359662016,0.152145985415079,-0.622224490621127
59.6028410459467,0.144844733291519,-0.669234194008605
59.6578313221713,0.137402055514381,-0.724692246760637
59.7128113399042,0.129853204026208,-0.790512576983808
59.7677852400287,0.122237195468145,-0.869136711343468
59.8227567701032,0.114598141732511,-0.963673531155388
59.8777292990848,0.10698712772808,-1.07805044412692
59.9327058356481,0.0994648361755121,-1.21713645093809
59.9876890497825,0.0921051654412016,-1.38673541827589
60.0426812973396,0.0850015181905661,-1.59379242028323
60.0976846470338,0.078277910228394,-1.84431674025056
60.1527009094732,0.0720927128273094,-2.1395341793989
60.2077316684976,0.0666426985502895,-2.47055379139429
60.2627783147243,0.0621613786520558,-2.81003176592056
60.3178420809378,0.0589015457942518,-3.10633863421064
60.3729240789407,0.0570940257697331,-3.29156581938184
60.4280253374839,0.0568877238307324,-3.31123028758334
60.4831468408901,0.0582991193198871,-3.15884099277944
60.538289567986,0.0612060060705006,-2.88061586731725
60.5934545309709,0.0653914555630919,-2.544214484375
60.6486428141508,0.0706072927618621,-2.2056802427196
60.7038556127581,0.0766163607802532,-1.89782143120211
60.7590942711591,0.083214202824677,-1.63328354347462
60.8143603197837,0.0902341079720593,-1.41276630929389
60.869655510355,0.0975432533958616,-1.23160616588072
60.9249818490047,0.105036083064543,-1.08355816694959
60.9803416268631,0.112627842648571,-0.962555321623096
61.0357374477156,0.120249257094115,-0.863355493700389
61.0911722523271,0.127842467768565,-0.781668171265472
61.1466493390762,0.135359301936571,-0.713721912436671
61.2021723813924,0.142762584123811,-0.656483304864445
61.2577454432944,0.150020319643491,-0.607875289479455
61.3133729918153,0.157103323934309,-0.566286470712553
61.3690599053058,0.163984508581971,-0.530459599660947
61.4248114773375,0.17063839758439,-0.499407436220287
61.4806334159701,0.17704081063989,-0.472349644425018
61.536531838169,0.183168669055317,-0.448665493105339
61.5925132591819,0.188999892574681,-0.427858318199668
61.6485845767148,0.194513363998792,-0.409528713229438
61.7047530498114,0.199690255246635,-0.393393735767893
61.7610262733033,0.204517985196876,-0.379187208292183
61.8174121497385,0.208986281902288,-0.366641071276848
61.8739188580478,0.213085889434322,-0.355538413900455
61.9305548183049,0.216808604788914,-0.345703305656901
61.9873286526925,0.220147324064604,-0.336992990725956
62.0442491428402,0.223096092111229,-0.329291862837242
62.1013251837288,0.225650150956121,-0.3225067956466
62.158565734371,0.227805983221655,-0.316563516544298
62.2159797655061,0.229561347524809,-0.311403793652773
62.2735762046163,0.230916751508334,-0.307074986829364
62.3313638799897,0.231879771971812,-0.303599159298463
62.3893514670125,0.232460614317039,-0.300903066506189
62.4475474356688,0.232670577803604,-0.29892780555785
62.505959998384,0.232521968311318,-0.297626749565081
62.5645970584657,0.232028006053722,-0.296963913401579
62.623466159426,0.231202729446975,-0.296912663898166
62.6825744354482,0.230060896649505,-0.297454707805062
62.7419285632312,0.228617886502789,-0.298579306090332
62.8015347154243,0.226889600736235,-0.300282674564702
62.8613985158866,0.22489331084093,-0.302608024223915
62.9215249983026,0.222650339532297,-0.305583290230698
62.9819185708593,0.220183047062466,-0.309190854993756
63.0425829855494,0.217513776676015,-0.313417903727422
63.1035213109578,0.214664766753733,-0.318255577821548
63.1647359084928,0.211658077110193,-0.323698167534155
63.2262284120487,0.208515529871975,-0.329742311868023
63.2879997110564,0.2052586650596,-0.336386175263092
63.350049936859,0.201908710695371,-0.343628571759222
63.4123784523289,0.198486566960075,-0.351468007999021
63.4749838446918,0.195013569276248,-0.359904855664612
63.537863923138,0.191513720523902,-0.368913928977948
63.6010157240952,0.188011272543613,-0.378448739961489
63.6644355217936,0.184529944413884,-0.38845342668531
63.7281188423774,0.181092926156227,-0.398860680200192
63.7920604813033,0.177722880962767,-0.409589706845462
63.8562545238265,0.174441941807652,-0.420544331983271
63.9206943683762,0.171271698173406,-0.431611389832451
63.9853727526249,0.168233168666374,-0.442659583378319
64.0502817820581,0.165346755571427,-0.453539033046093
64.1154129608604,0.162632264406238,-0.464117642388135
64.1807572250374,0.160109102706477,-0.474244016326661
64.2463049777912,0.157795956656666,-0.483714731217671
64.3120461268915,0.155710568171572,-0.492315628875634
64.3779701238102,0.153869566575116,-0.499827848431099
64.4440660044772,0.152288280963928,-0.506035415343782
64.5103224315234,0.150980540735793,-0.510734073151914
64.5767277378879,0.149958474145737,-0.513740822719674
64.6432699716671,0.149232316562449,-0.514903436847461
64.7099369420974,0.14881024097635,-0.514109089345814
64.7767162665193,0.14869809567922,-0.511370955682014
64.8435954172188,0.14889905471742,-0.506756484880687
64.9105617663992,0.149414177614541,-0.500302797617047
64.9776026307489,0.150242583849767,-0.492091295788012
65.0447053165355,0.151381516777829,-0.482243151116586
65.1118571652161,0.152826450050518,-0.470912645341365
65.1790455995116,0.154571229087315,-0.458279025743628
65.2462581698934,0.15660823798181,-0.444537641532542
65.3134826014299,0.158928581134199,-0.429891116990357
65.3807068409357,0.161522268875389,-0.414541212534094
65.4479191043182,0.16437839439535,-0.398767763790562
65.5151079228973,0.16748540885014,-0.38282901470987
65.5822621867729,0.170831469365058,-0.366874502193104
65.6493711870392,0.174404565732335,-0.35103302259974
65.7164246579651,0.178192586903695,-0.335412421119266
65.7834128191409,0.182183361674121,-0.320100286810151
65.8503264175397,0.186364675322885,-0.305165299314279
65.9171567694285,0.190724264682932,-0.290658996223056
65.9838958020547,0.195249794529464,-0.276617766131318
66.0505360950219,0.199928818372161,-0.26306491346339
66.1170709211889,0.204749041541109,-0.250109624420888
66.1834942853881,0.209699321598428,-0.237836730799872
66.2498009584505,0.214768846590055,-0.226220910909515
66.3159865092712,0.219946748457884,-0.215233380797065
66.3820473365096,0.225222001737264,-0.204843165391859
66.4479806999126,0.230583325356412,-0.195018110929983
66.5137847511646,0.236019088891401,-0.185725677232704
66.5794585641579,0.241517224548041,-0.176933546087017
66.6450021645552,0.247065146112634,-0.168610078436382
66.7104165585022,0.252649676125389,-0.160724649049913
66.7757037602961,0.258257265076547,-0.153283868389196
66.8408668179534,0.263874834550159,-0.146290367667519
66.9059098352629,0.269488967078218,-0.139710345952441
66.9708379918674,0.275085594717029,-0.133512448661008
67.0356575621763,0.280649971148333,-0.12766766779872
67.100375932979,0.286166658492951,-0.122149226127977
67.16500161958,0.291619529827673,-0.116932452562622
67.2295442802633,0.296991788368233,-0.111994654096278
67.2940147288915,0.302266004200867,-0.107314988035665
67.3584249454327,0.307424169304286,-0.102874337130792
67.4227880841996,0.312447937153719,-0.0986660288174769
67.4871184793504,0.317319223994353,-0.0946832848355007
67.5514316471913,0.322019837871356,-0.0909092431279449
67.6157442857106,0.326531434808328,-0.0873285225542211
67.6800742714887,0.330835653773174,-0.0839270960083813
67.7444406538496,0.334914266604916,-0.0806921740092882
67.8088636461278,0.338749341079709,-0.0776120979853347
67.8733646139444,0.342323414815543,-0.0746762424543165
67.9379660604115,0.345619677244907,-0.0718749253088998
68.0026916082109,0.348622156446972,-0.069199325453491
68.0675659785204,0.351315828025449,-0.0666351637625176
68.1326149666015,0.35368656992669,-0.0641696426992922
68.1978654137158,0.355721594087442,-0.0617972031908307
68.2633451756571,0.357409701375818,-0.0595128315358556
68.3290830881927,0.358741440492302,-0.0573120101525835
68.3951089295938,0.359709247363123,-0.0551906708550132
68.4614533804627,0.360307561276822,-0.0531451505103348
68.5281479811092,0.360532914520303,-0.0511721489849403
68.5952250867556,0.360383992913309,-0.0492686893363352
68.6627178208867,0.35986166539295,-0.047432080246288
68.730660027066,0.358968792396386,-0.0456504367056546
68.7990862190946,0.357709653248605,-0.0439135124025796
68.868031528941,0.356090505523382,-0.0422213258574874
68.9375316532993,0.354119696926968,-0.0405739529752625
69.00762279958,0.351807551510585,-0.0389715018017178
69.0783416317609,0.349166229074156,-0.037414089156038
69.1497252164942,0.346209561349902,-0.0359018194191816
69.2218109698581,0.342952869066196,-0.0344347657055525
69.2946366051187,0.339412764339679,-0.0330129535789897
69.368240081842,0.335606943020959,-0.0316363474115434
69.4426595566543,0.331553877621929,-0.030301683978015
69.5179333355391,0.327272343922086,-0.0290061855899929
69.5940998272059,0.322781532481793,-0.0277503812545303
69.6711974982112,0.318100945236472,-0.0265346505524109
69.7492648303653,0.313250201585112,-0.0253592237582693
69.8283402805908,0.308248856420706,-0.0242241842056487
69.90846224335,0.303116232453489,-0.023129472654832
69.9896690157185,0.297871268605585,-0.0220748933959217
70.0719987651514,0.292532385693871,-0.0210601218073846
70.1554894999583,0.287117370083392,-0.0200847130856333
